stcotrbg,adj_acs_1,sp_1,diff_1,w_diff_1,adj_acs_2,sp_2,diff_2,w_diff_2,adj_acs_3,sp_3,diff_3,w_diff_3,adj_acs_4,sp_4,diff_4,w_diff_4,adj_acs_5,sp_5,diff_5,w_diff_5,adj_acs_6,sp_6,diff_6,w_diff_6,adj_acs_7,sp_7,diff_7,w_diff_7
"120730002001",47,57,10,0.71,256,244,12,4.65,116,113,3,0.53,68,67,1,0.10,121,127,6,1.10,53,53,0,0.00,0,0,0,0.00
"120730002002",87,83,4,0.95,163,163,0,0.00,11,7,4,0.12,42,43,1,0.12,17,27,10,0.47,21,21,0,0.00,24,21,3,0.20
"120730002003",95,94,1,0.12,173,172,1,0.22,66,72,6,0.50,103,98,5,0.64,123,115,8,1.23,48,47,1,0.06,192,202,10,2.40
"120730002004",25,22,3,0.20,36,30,6,0.58,21,19,2,0.11,37,43,6,0.59,206,205,1,0.55,0,0,0,0.00,50,56,6,0.80
"120730003011",167,171,4,0.88,69,53,16,1.46,110,106,4,0.58,113,122,9,1.35,144,140,4,0.76,81,90,9,0.97,71,73,2,0.19
"120730003021",78,82,4,0.51,82,91,9,1.21,127,113,14,2.92,123,111,12,2.42,90,108,18,2.66,63,56,7,0.72,46,48,2,0.15
"120730003022",0,0,0,0.00,114,116,2,0.40,96,93,3,0.50,109,103,6,1.14,105,110,5,0.92,23,24,1,0.04,126,127,1,0.22
"120730003031",226,205,21,4.96,310,333,23,7.46,133,136,3,0.42,141,140,1,0.15,126,121,5,0.66,8,6,2,0.02,12,15,3,0.04
"120730003032",125,118,7,1.04,227,244,17,4.59,303,292,11,3.97,88,97,9,0.94,25,28,3,0.09,51,41,10,0.61,21,20,1,0.03
"120730004001",150,132,18,6.43,93,92,1,0.22,37,37,0,0.00,38,58,20,1.81,79,80,1,0.19,12,10,2,0.06,11,11,0,0.00
"120730004002",0,0,0,0.00,47,47,0,0.00,0,0,0,0.00,0,0,0,0.00,0,0,0,0.00,0,0,0,0.00,0,0,0,0.00
"120730005001",370,365,5,3.02,108,108,0,0.00,47,42,5,0.38,0,0,0,0.00,87,97,10,1.42,0,0,0,0.00,0,0,0,0.00
"120730005002",259,263,4,2.50,125,121,4,1.21,18,14,4,0.17,0,0,0,0.00,12,16,4,0.12,0,0,0,0.00,0,0,0,0.00
"120730006001",44,30,14,2.08,107,105,2,0.72,25,25,0,0.00,46,55,9,1.40,27,32,5,0.46,35,31,4,0.47,12,18,6,0.24
"120730006002",7,7,0,0.00,56,56,0,0.00,39,45,6,0.70,28,25,3,0.25,78,80,2,0.47,7,4,3,0.06,120,118,2,0.72
"120730006003",464,474,10,5.46,175,177,2,0.41,29,28,1,0.03,72,80,8,0.68,0,0,0,0.00,52,51,1,0.06,58,40,18,1.23
"120730007001",36,40,4,0.29,128,125,3,0.78,148,159,11,3.30,95,74,21,4.04,75,86,11,1.67,4,4,0,0.00,8,6,2,0.03
"120730007002",64,66,2,0.20,216,222,6,2.06,77,69,8,0.98,139,144,5,1.10,35,44,9,0.50,58,58,0,0.00,41,27,14,0.91
"120730008001",58,54,4,0.49,194,204,10,4.08,77,79,2,0.32,47,42,5,0.49,63,60,3,0.40,6,3,3,0.04,31,34,3,0.20
"120730008002",60,57,3,0.48,83,85,2,0.44,54,60,6,0.86,63,63,0,0.00,51,48,3,0.41,26,24,2,0.14,40,40,0,0.00
"120730008003",20,23,3,0.09,132,136,4,0.83,82,80,2,0.26,83,95,12,1.56,176,173,3,0.83,65,59,6,0.61,79,71,8,0.99
"120730009011",89,87,2,0.33,111,110,1,0.20,14,12,2,0.05,80,77,3,0.44,160,187,27,7.90,56,45,11,1.13,37,29,8,0.54
"120730009012",119,120,1,0.14,330,314,16,6.05,139,154,15,2.39,86,87,1,0.10,121,114,7,0.97,29,36,7,0.23,49,48,1,0.06
"120730009013",108,119,11,1.22,338,335,3,1.04,162,160,2,0.33,122,115,7,0.88,182,191,9,1.68,62,54,8,0.51,0,0,0,0.00
"120730009014",17,18,1,0.06,25,28,3,0.25,37,35,2,0.25,67,62,5,1.13,40,46,6,0.81,28,27,1,0.09,82,80,2,0.55
"120730009015",99,79,20,1.81,247,250,3,0.68,128,130,2,0.23,153,151,2,0.28,184,193,9,1.52,117,115,2,0.21,163,173,10,1.49
"120730009031",25,29,4,0.34,62,53,9,1.90,74,72,2,0.50,20,18,2,0.14,47,56,9,1.44,33,33,0,0.00,33,33,0,0.00
"120730009032",355,369,14,5.81,190,192,2,0.44,117,96,21,2.87,43,35,8,0.40,75,89,14,1.23,0,0,0,0.00,76,75,1,0.09
"120730009041",151,151,0,0.00,325,334,9,2.87,207,212,5,1.02,149,144,5,0.73,0,0,0,0.00,56,49,7,0.39,130,128,2,0.26
"120730009042",149,122,27,4.85,164,183,19,3.76,174,165,9,1.89,122,121,1,0.15,130,142,12,1.88,61,69,8,0.59,29,27,2,0.07
"120730009051",144,154,10,1.73,328,331,3,1.18,153,157,4,0.73,93,88,5,0.56,84,75,9,0.91,16,16,0,0.00,16,13,3,0.06
"120730009052",65,72,7,0.86,132,127,5,1.24,71,59,12,1.60,109,125,16,3.28,125,129,4,0.94,0,0,0,0.00,30,20,10,0.56
"120730010011",177,161,16,5.65,168,185,17,5.70,46,54,8,0.73,38,46,8,0.61,28,25,3,0.17,44,30,14,1.23,0,0,0,0.00
"120730010012",0,0,0,0.00,156,147,9,2.96,110,117,7,1.62,69,70,1,0.15,87,98,11,2.01,36,29,7,0.53,17,14,3,0.11
"120730010021",103,110,7,0.99,71,76,5,0.49,189,186,3,0.78,153,130,23,4.85,90,94,4,0.50,96,111,15,1.99,23,18,5,0.16
"120730011011",48,46,2,0.30,42,38,4,0.52,111,120,9,3.07,12,13,1,0.04,89,85,4,1.10,4,4,0,0.00,19,19,0,0.00
"120730011012",79,80,1,0.27,36,40,4,0.49,5,9,4,0.07,34,30,4,0.46,73,64,9,2.23,8,6,2,0.05,59,65,6,1.20
"120730011013",54,50,4,1.31,6,4,2,0.07,9,7,2,0.11,44,55,11,2.93,0,0,0,0.00,25,24,1,0.15,27,25,2,0.33
"120730011021",52,51,1,0.08,34,42,8,0.43,42,36,6,0.40,82,93,11,1.43,140,139,1,0.22,114,98,16,2.89,167,172,5,1.32
"120730011022",0,0,0,0.00,93,100,7,1.86,34,34,0,0.00,118,121,3,1.01,46,42,4,0.53,46,42,4,0.53,13,11,2,0.07
"120730012001",143,146,3,0.77,143,161,18,4.63,71,64,7,0.89,137,124,13,3.20,29,29,0,0.00,30,31,1,0.05,3,1,2,0.01
"120730014011",0,0,0,0.00,0,0,0,0.00,54,49,5,0.56,126,116,10,2.62,103,108,5,1.07,103,118,15,3.21,95,90,5,0.99
"120730014012",413,424,11,5.59,222,211,11,3.01,53,54,1,0.07,57,50,7,0.49,47,55,8,0.46,0,0,0,0.00,20,18,2,0.05
"120730014021",30,31,1,0.08,185,176,9,4.68,45,46,1,0.13,63,65,2,0.35,0,0,0,0.00,0,0,0,0.00,33,38,5,0.46
"120730014022",707,711,4,3.54,93,89,4,0.47,0,0,0,0.00,0,0,0,0.00,0,0,0,0.00,0,0,0,0.00,0,0,0,0.00
"120730014023",298,304,6,2.45,200,211,11,3.01,105,103,2,0.29,9,5,4,0.05,40,40,0,0.00,78,67,11,1.18,0,0,0,0.00
"120730015001",254,225,29,9.50,271,282,11,3.85,111,119,8,1.15,48,40,8,0.50,67,82,15,1.30,24,27,3,0.09,0,0,0,0.00
"120730015002",51,59,8,1.28,125,115,10,3.93,41,37,4,0.52,11,13,2,0.07,64,73,9,1.81,0,0,0,0.00,26,21,5,0.41
"120730015003",134,125,9,2.37,33,36,3,0.19,90,88,2,0.35,73,66,7,1.01,81,77,4,0.64,37,41,4,0.29,60,75,15,1.77
"120730015004",28,23,5,0.48,56,63,7,1.35,35,34,1,0.12,30,38,8,0.82,59,67,8,1.62,19,14,5,0.33,64,52,12,2.64
"120730016011",186,185,1,0.36,45,46,1,0.09,109,113,4,0.83,37,37,0,0.00,35,27,8,0.54,39,44,5,0.37,72,71,1,0.14
"120730016012",74,84,10,0.82,252,246,6,1.68,146,143,3,0.49,193,199,6,1.29,103,89,14,1.61,117,127,10,1.30,13,10,3,0.04
"120730016013",115,107,8,1.29,181,198,17,4.32,58,64,6,0.49,148,155,7,1.46,94,88,6,0.79,35,32,3,0.15,81,68,13,1.48
"120730016021",48,54,6,0.42,70,63,7,0.71,116,107,9,1.51,109,102,7,1.10,152,163,11,2.41,123,110,13,2.31,75,94,19,2.06
"120730016022",0,0,0,0.00,0,0,0,0.00,93,87,6,1.53,62,68,6,1.02,77,86,9,1.90,95,85,10,2.61,37,38,1,0.10
"120730016023",11,12,1,0.04,8,6,2,0.06,30,37,7,0.74,44,50,6,0.94,103,100,3,1.10,61,59,2,0.43,25,18,7,0.62
"120730017001",0,0,0,0.00,24,23,1,0.05,111,109,2,0.46,73,84,11,1.68,80,83,3,0.50,104,104,0,0.00,87,76,11,2.00
"120730017002",22,27,5,0.10,192,200,8,1.41,113,115,2,0.21,315,332,17,4.92,182,167,15,2.51,119,120,1,0.11,145,127,18,2.40
"120730017003",0,0,0,0.00,33,37,4,0.20,77,69,8,0.95,102,96,6,0.94,244,257,13,4.87,85,80,5,0.65,110,112,2,0.34
"120730017004",16,21,5,0.15,129,131,2,0.47,64,65,1,0.12,174,167,7,2.22,81,81,0,0.00,59,50,9,0.97,25,33,8,0.36
"120730017005",0,0,0,0.00,12,15,3,0.14,10,7,3,0.12,38,36,2,0.29,95,103,8,2.92,93,85,8,2.86,12,14,2,0.09
"120730017006",0,0,0,0.00,44,50,6,0.90,13,9,4,0.18,84,80,4,1.14,51,70,19,3.30,35,28,7,0.83,67,57,10,2.28
"120730018011",0,0,0,0.00,108,108,0,0.00,39,49,10,1.58,48,44,4,0.78,36,36,0,0.00,16,10,6,0.39,0,0,0,0.00
"120730018012",166,159,7,0.95,140,139,1,0.11,231,231,0,0.00,429,441,12,4.22,152,144,8,1.00,92,94,2,0.15,10,12,2,0.02
"120730018021",59,58,1,0.09,208,190,18,5.52,97,92,5,0.72,104,107,3,0.46,69,72,3,0.31,101,109,8,1.19,40,50,10,0.59
"120730018022",35,32,3,0.18,138,147,9,2.18,132,139,7,1.62,62,68,6,0.65,133,137,4,0.93,38,25,13,0.87,32,22,10,0.56
"120730018023",236,223,13,3.53,232,230,2,0.53,160,164,4,0.74,102,118,16,1.88,91,101,10,1.05,32,24,8,0.29,17,10,7,0.14
"120730019011",0,0,0,0.00,16,24,8,0.50,0,0,0,0.00,38,36,2,0.29,52,44,8,1.61,67,62,5,1.30,85,92,7,2.31
"120730019012",134,134,0,0.00,144,159,15,4.54,74,68,6,0.93,88,84,4,0.74,36,31,5,0.38,0,0,0,0.00,0,0,0,0.00
"120730019013",89,81,8,1.01,249,256,7,2.48,179,184,5,1.27,96,91,5,0.68,51,51,0,0.00,23,26,3,0.10,17,15,2,0.05
"120730019021",29,26,3,0.18,126,143,17,4.53,53,38,15,1.68,148,149,1,0.31,55,58,3,0.35,41,35,6,0.52,21,24,3,0.13
"120730019022",201,198,3,0.82,183,206,23,5.70,85,81,4,0.46,122,106,16,2.64,84,85,1,0.11,23,22,1,0.03,41,41,0,0.00
"120730019023",13,16,3,0.13,46,43,3,0.45,44,54,10,1.42,42,42,0,0.00,108,104,4,1.39,13,8,5,0.21,44,43,1,0.14
"120730020031",340,334,6,3.97,108,118,10,2.10,0,0,0,0.00,0,0,0,0.00,35,34,1,0.07,31,28,3,0.18,0,0,0,0.00
"120730020041",935,922,13,9.66,150,160,10,1.19,37,35,2,0.06,37,40,3,0.09,61,63,2,0.10,0,0,0,0.00,38,38,0,0.00
"120730020042",451,452,1,0.58,172,178,6,1.32,8,10,2,0.02,71,67,4,0.36,24,19,5,0.15,32,33,1,0.04,24,23,1,0.03
"120730020043",158,163,5,2.36,53,51,2,0.32,79,75,4,0.94,27,25,2,0.16,18,21,3,0.16,0,0,0,0.00,0,0,0,0.00
"120730020044",438,421,17,8.70,192,212,20,4.49,91,87,4,0.43,91,100,9,0.96,44,36,8,0.41,0,0,0,0.00,0,0,0,0.00
"120730020051",725,716,9,7.27,139,146,7,1.08,12,11,1,0.01,14,17,3,0.05,7,7,0,0.00,0,0,0,0.00,0,0,0,0.00
"120730020052",426,410,16,11.19,86,92,6,0.85,13,13,0,0.00,84,94,10,1.38,0,0,0,0.00,0,0,0,0.00,0,0,0,0.00
"120730020061",434,435,1,0.76,55,48,7,0.67,28,20,8,0.39,15,21,6,0.16,39,47,8,0.55,0,0,0,0.00,0,0,0,0.00
"120730020062",424,432,8,6.74,27,26,1,0.05,0,0,0,0.00,0,0,0,0.00,42,44,2,0.17,0,0,0,0.00,10,1,9,0.18
"120730020063",277,263,14,6.72,59,63,4,0.41,40,41,1,0.07,93,101,8,1.29,53,58,5,0.46,0,0,0,0.00,55,51,4,0.38
"120730021011",451,447,4,1.29,458,473,15,4.92,227,234,7,1.14,128,117,11,1.01,27,24,3,0.06,70,67,3,0.15,35,34,1,0.03
"120730021012",145,137,8,1.76,160,154,6,1.46,54,52,2,0.16,77,83,6,0.70,71,71,0,0.00,40,38,2,0.12,112,124,12,2.04
"120730021031",733,735,2,1.64,77,71,6,0.52,60,70,10,0.67,0,0,0,0.00,13,10,3,0.04,11,8,3,0.04,0,0,0,0.00
"120730021032",310,309,1,0.51,103,106,3,0.51,54,50,4,0.36,19,24,5,0.16,70,73,3,0.35,34,28,6,0.34,16,16,0,0.00
"120730021041",293,299,6,2.04,340,320,20,7.91,75,84,9,0.78,118,123,5,0.69,25,22,3,0.09,9,12,3,0.03,0,0,0,0.00
"120730021042",198,213,15,4.14,163,169,6,1.36,155,158,3,0.65,66,72,6,0.55,61,48,13,1.10,10,7,3,0.04,65,51,14,1.27
"120730021043",1439,1410,29,22.45,339,364,25,4.56,20,29,9,0.10,22,25,3,0.04,27,22,5,0.07,12,9,3,0.02,0,0,0,0.00
"120730022011",150,157,7,2.33,108,99,9,2.16,59,59,0,0.00,58,64,6,0.77,28,27,1,0.06,21,15,6,0.28,27,30,3,0.18
"120730022012",18,17,1,0.10,37,31,6,1.23,80,92,12,5.33,0,0,0,0.00,45,40,5,1.25,0,0,0,0.00,0,0,0,0.00
"120730022013",120,104,16,5.77,121,135,14,5.09,12,14,2,0.07,69,70,1,0.21,0,0,0,0.00,11,10,1,0.03,0,0,0,0.00
"120730022014",151,144,7,1.62,169,192,23,5.95,48,45,3,0.22,157,141,16,3.85,100,100,0,0.00,28,31,3,0.13,0,0,0,0.00
"120730022015",53,56,3,0.35,129,130,1,0.29,120,126,6,1.60,68,74,6,0.91,68,54,14,2.12,12,10,2,0.05,0,0,0,0.00
"120730022051",114,98,16,2.96,188,182,6,1.83,100,104,4,0.65,79,85,6,0.77,69,88,19,2.13,21,11,10,0.34,45,48,3,0.22
"120730022052",80,69,11,2.90,145,153,8,3.83,33,31,2,0.22,26,31,5,0.43,0,0,0,0.00,13,15,2,0.09,6,4,2,0.04
"120730022053",105,104,1,0.27,66,72,6,1.02,43,49,6,0.66,135,130,5,1.73,13,9,4,0.13,23,19,4,0.24,5,7,2,0.03
"120730022054",36,35,1,0.04,270,283,13,3.76,141,131,10,1.51,177,171,6,1.14,220,225,5,1.18,61,67,6,0.39,28,21,7,0.21
"120730022061",77,75,2,0.20,106,100,6,0.84,167,177,10,2.22,180,188,8,1.91,109,98,11,1.59,64,62,2,0.17,50,53,3,0.20
"120730022062",17,20,3,0.11,42,39,3,0.26,108,102,6,1.34,76,66,10,1.57,187,192,5,1.93,41,49,8,0.68,14,17,3,0.09
"120730022071",0,0,0,0.00,109,119,10,2.23,86,88,2,0.35,129,111,18,4.76,40,44,4,0.33,35,38,3,0.22,89,88,1,0.18
"120730022072",201,204,3,1.26,119,125,6,1.49,33,30,3,0.21,52,52,0,0.00,46,42,4,0.38,27,25,2,0.11,0,0,0,0.00
"120730022081",90,97,7,1.10,217,214,3,1.14,56,63,7,0.69,119,105,14,2.91,79,77,2,0.28,11,16,5,0.10,0,0,0,0.00
"120730022082",0,0,0,0.00,101,102,1,0.13,68,55,13,1.12,272,290,18,6.20,177,188,11,2.46,88,81,7,0.78,84,74,10,1.06
"120730022083",15,19,4,0.10,183,176,7,2.11,109,96,13,2.33,111,129,18,3.29,66,63,3,0.33,54,53,1,0.09,70,72,2,0.23
"120730023021",55,60,5,0.60,47,40,7,0.71,66,67,1,0.14,100,93,7,1.52,108,121,13,3.04,54,50,4,0.47,32,31,1,0.07
"120730023022",0,0,0,0.00,21,19,2,0.09,42,34,8,0.70,115,114,1,0.24,171,187,16,5.70,82,69,13,2.22,49,57,8,0.82
"120730023023",0,0,0,0.00,43,39,4,0.58,59,65,6,1.19,45,37,8,1.21,81,82,1,0.27,59,63,4,0.79,11,12,1,0.04
"120730023031",16,15,1,0.02,171,165,6,1.17,192,214,22,4.82,223,204,19,4.84,125,128,3,0.43,120,114,6,0.82,29,36,7,0.23
"120730023032",30,30,0,0.00,93,95,2,0.29,153,152,1,0.24,184,173,11,3.18,128,143,15,3.02,36,31,5,0.28,12,12,0,0.00
"120730023041",148,148,0,0.00,78,75,3,0.44,103,109,6,1.17,167,162,5,1.58,22,23,1,0.04,9,10,1,0.02,0,0,0,0.00
"120730023042",6,3,3,0.06,59,59,0,0.00,49,55,6,1.00,97,90,7,2.32,37,42,5,0.63,11,11,0,0.00,34,33,1,0.12
"120730023043",23,33,10,0.61,50,47,3,0.40,89,90,1,0.24,35,38,3,0.28,80,76,4,0.86,54,43,11,1.59,43,47,4,0.46
"120730024031",34,37,3,0.14,163,153,10,2.27,152,165,13,2.75,141,137,4,0.78,168,166,2,0.47,18,15,3,0.08,43,46,3,0.18
"120730024032",0,0,0,0.00,27,35,8,0.52,38,34,4,0.37,146,132,14,4.95,112,127,15,4.07,48,44,4,0.46,42,41,1,0.10
"120730024081",0,0,0,0.00,129,107,22,2.88,107,132,25,2.72,286,283,3,0.87,238,233,5,1.21,177,181,4,0.72,47,48,1,0.05
"120730024082",0,0,0,0.00,46,49,3,0.25,180,184,4,1.32,138,134,4,1.01,115,125,10,2.11,27,16,11,0.54,40,38,2,0.15
"120730024083",28,39,11,0.46,95,106,11,1.57,78,80,2,0.23,163,129,34,8.32,215,214,1,0.32,58,66,8,0.70,29,32,3,0.13
"120730024084",0,0,0,0.00,25,25,0,0.00,98,112,14,1.99,140,131,9,1.83,213,198,15,4.64,95,115,20,2.76,118,108,10,1.71
"120730024101",0,0,0,0.00,71,64,7,1.47,28,27,1,0.08,143,158,15,6.35,34,35,1,0.10,28,29,1,0.08,34,25,9,0.91
"120730024102",0,0,0,0.00,59,52,7,0.85,90,90,0,0.00,112,115,3,0.69,156,153,3,0.96,32,34,2,0.13,38,43,5,0.39
"120730024103",0,0,0,0.00,103,103,0,0.00,229,227,2,0.61,160,166,6,1.29,172,162,10,2.30,23,24,1,0.03,60,65,5,0.40
"120730024104",99,108,9,0.78,478,472,6,2.52,164,146,18,2.59,132,148,16,1.85,164,146,18,2.59,0,0,0,0.00,103,120,17,1.54
"120730024111",0,0,0,0.00,0,0,0,0.00,221,213,8,2.90,181,202,21,6.24,92,92,0,0.00,40,31,9,0.59,75,71,4,0.49
"120730024121",10,13,3,0.02,132,133,1,0.08,328,330,2,0.41,385,364,21,5.06,414,441,27,6.99,258,246,12,1.94,72,72,0,0.00
"120730024122",20,23,3,0.09,179,185,6,1.62,172,168,4,1.04,233,234,1,0.35,24,15,9,0.33,0,0,0,0.00,34,37,3,0.15
"120730024123",0,0,0,0.00,38,30,8,0.64,107,109,2,0.45,161,162,1,0.34,127,132,5,1.33,22,23,1,0.05,21,20,1,0.04
"120730024124",18,15,3,0.12,63,61,2,0.28,120,121,1,0.26,80,79,1,0.18,77,73,4,0.67,84,90,6,1.10,15,18,3,0.10
"120730024131",48,39,9,0.49,85,87,2,0.19,155,160,5,0.88,284,277,7,2.27,200,216,16,3.65,78,73,5,0.44,27,25,2,0.06
"120730024141",16,11,5,0.24,15,9,6,0.27,18,18,0,0.00,126,129,3,1.12,45,52,7,0.93,104,107,3,0.93,13,11,2,0.08
"120730024142",51,49,2,0.09,90,85,5,0.41,166,170,4,0.61,241,234,7,1.55,229,215,14,2.95,125,132,7,0.81,183,200,17,2.87
"120730024143",0,0,0,0.00,94,76,18,3.80,66,78,12,1.78,50,43,7,0.79,60,69,9,1.21,52,48,4,0.47,123,131,8,2.21
"120730024151",20,13,7,0.15,91,93,2,0.19,159,144,15,2.51,212,210,2,0.45,175,182,7,1.29,156,177,21,3.45,137,131,6,0.87
"120730024152",0,0,0,0.00,60,57,3,0.22,82,77,5,0.50,153,145,8,1.50,320,330,10,3.93,81,86,5,0.50,118,119,1,0.14
"120730024161",66,66,0,0.00,0,0,0,0.00,48,49,1,0.11,101,110,9,2.08,95,91,4,0.87,88,88,0,0.00,38,32,6,0.52
"120730024162",17,16,1,0.03,116,118,2,0.34,116,121,5,0.86,115,114,1,0.17,196,200,4,1.16,55,55,0,0.00,60,51,9,0.80
"120730024171",0,0,0,0.00,48,54,6,0.25,329,339,10,2.91,297,284,13,3.41,283,287,4,1.00,121,124,3,0.32,54,44,10,0.48
"120730024172",0,0,0,0.00,147,136,11,1.25,184,200,16,2.28,474,508,34,12.50,365,342,23,6.51,119,103,16,1.48,0,0,0,0.00
"120730025051",15,17,2,0.08,102,93,9,2.60,40,47,7,0.79,56,50,6,0.95,82,85,3,0.70,58,61,3,0.49,0,0,0,0.00
"120730025052",112,125,13,1.54,247,238,9,2.35,166,189,23,4.04,251,239,12,3.18,135,120,15,2.14,27,28,1,0.03,8,7,1,0.01
"120730025053",0,0,0,0.00,32,32,0,0.00,17,13,4,0.14,68,79,11,1.56,60,50,10,1.25,110,119,9,2.07,192,186,6,2.41
"120730025054",0,0,0,0.00,178,180,2,0.47,95,100,5,0.63,134,137,3,0.53,125,127,2,0.33,160,153,7,1.49,61,56,5,0.41
"120730025071",0,0,0,0.00,18,19,1,0.02,224,214,10,2.40,229,223,6,1.47,302,316,14,4.54,134,133,1,0.14,25,27,2,0.05
"120730025081",0,0,0,0.00,45,45,0,0.00,76,88,12,0.92,501,491,10,5.08,197,198,1,0.20,99,98,1,0.10,68,66,2,0.14
"120730025082",0,0,0,0.00,0,0,0,0.00,94,88,6,1.20,107,123,16,3.63,173,169,4,1.47,69,60,9,1.32,28,31,3,0.18
"120730025083",61,61,0,0.00,17,14,3,0.15,62,63,1,0.19,71,71,0,0.00,38,34,4,0.46,82,88,6,1.49,0,0,0,0.00
"120730025084",0,0,0,0.00,67,72,5,0.46,160,160,0,0.00,219,214,5,1.49,211,222,11,3.15,38,27,11,0.57,41,41,0,0.00
"120730025085",0,0,0,0.00,48,38,10,0.61,172,174,2,0.44,147,154,7,1.32,286,296,10,3.66,107,95,12,1.64,21,24,3,0.08
"120730025091",200,184,16,3.23,296,308,12,3.58,153,171,18,2.78,240,221,19,4.60,69,70,1,0.07,32,37,5,0.16,2,1,1,0.00
"120730025092",61,63,2,0.50,0,0,0,0.00,63,68,5,1.30,44,47,3,0.54,24,28,4,0.40,16,12,4,0.26,35,25,10,1.44
"120730025101",0,0,0,0.00,198,183,15,4.29,148,162,14,2.99,138,139,1,0.20,100,102,2,0.29,96,99,3,0.42,12,7,5,0.09
"120730025102",51,49,2,0.14,141,125,16,3.18,164,151,13,3.01,144,141,3,0.61,48,47,1,0.07,42,51,9,0.53,119,145,26,4.36
"120730025103",18,21,3,0.03,172,148,24,2.64,393,416,23,5.78,364,376,12,2.79,364,363,1,0.23,173,166,7,0.77,80,74,6,0.31
"120730025111",0,0,0,0.00,22,18,4,0.16,73,74,1,0.13,47,42,5,0.42,96,99,3,0.52,207,205,2,0.75,108,115,7,1.37
"120730025121",19,13,6,0.21,53,40,13,1.24,190,176,14,4.78,133,127,6,1.44,83,103,20,2.99,66,85,19,2.26,12,12,0,0.00
"120730025122",0,0,0,0.00,20,14,6,0.19,121,132,11,2.12,189,176,13,3.92,205,213,8,2.62,0,0,0,0.00,92,92,0,0.00
"120730025131",0,0,0,0.00,150,132,18,2.13,303,305,2,0.48,415,397,18,5.89,204,222,18,2.89,147,163,16,1.85,50,50,0,0.00
"120730026031",102,99,3,0.32,172,158,14,2.54,189,200,11,2.19,218,238,20,4.59,140,130,10,1.48,85,84,1,0.09,43,40,3,0.14
"120730026032",15,12,3,0.07,122,119,3,0.61,33,26,7,0.38,162,154,8,2.15,141,141,0,0.00,81,101,20,2.69,49,50,1,0.08
"120730026033",86,81,5,1.18,0,0,0,0.00,56,69,13,1.99,116,118,2,0.64,75,77,2,0.41,12,6,6,0.20,20,14,6,0.33
"120730026041",0,0,0,0.00,102,110,8,1.57,42,40,2,0.16,129,130,1,0.25,89,83,6,1.03,84,82,2,0.32,73,74,1,0.14
"120730026042",70,74,4,0.41,188,190,2,0.56,164,164,0,0.00,95,80,15,2.11,102,100,2,0.30,23,25,2,0.07,33,42,9,0.44
"120730026051",27,24,3,0.05,448,461,13,3.44,555,548,7,2.30,205,200,5,0.61,316,313,3,0.56,93,96,3,0.16,47,49,2,0.06
"120730026061",0,0,0,0.00,0,0,0,0.00,104,118,14,3.19,104,99,5,1.14,193,186,7,2.96,16,16,0,0.00,39,37,2,0.17
"120730026062",31,30,1,0.04,15,19,4,0.07,164,161,3,0.58,229,220,9,2.42,235,237,2,0.55,131,133,2,0.31,47,52,5,0.28
"120730027011",0,0,0,0.00,0,0,0,0.00,103,111,8,1.67,233,220,13,6.13,44,48,4,0.36,82,76,6,1.00,32,39,7,0.45
"120730027012",0,0,0,0.00,62,59,3,0.59,85,78,7,1.90,98,101,3,0.94,33,42,9,0.95,18,13,5,0.29,17,20,3,0.16
"120730027013",15,18,3,0.10,9,18,9,0.19,134,120,14,4.31,86,104,18,3.56,114,110,4,1.05,58,51,7,0.93,19,14,5,0.22
"120730027014",151,146,5,1.75,84,80,4,0.78,0,0,0,0.00,102,108,6,1.42,65,68,3,0.45,0,0,0,0.00,29,29,0,0.00
"120730027015",0,0,0,0.00,38,44,6,0.83,55,44,11,2.20,46,39,7,1.17,102,106,4,1.48,34,42,8,0.99,0,0,0,0.00
"120730027021",18,20,2,0.03,105,89,16,1.63,211,240,29,5.92,185,187,2,0.36,280,305,25,6.78,74,67,7,0.50,160,125,35,5.42
"120730027022",45,60,15,0.76,103,96,7,0.81,254,242,12,3.43,114,113,1,0.13,199,208,9,2.01,132,127,5,0.74,42,43,1,0.05
