stcotrbg,adj_acs_1,sp_1,diff_1,w_diff_1,adj_acs_2,sp_2,diff_2,w_diff_2,adj_acs_3,sp_3,diff_3,w_diff_3,adj_acs_4,sp_4,diff_4,w_diff_4,adj_acs_5,sp_5,diff_5,w_diff_5,adj_acs_6,sp_6,diff_6,w_diff_6,adj_acs_7,sp_7,diff_7,w_diff_7
"120730002001",45,51,6,0.41,11,13,2,0.03,24,38,14,0.51,168,158,10,2.54,122,119,3,0.55,160,157,3,0.73,131,125,6,1.19
"120730002002",34,35,1,0.09,0,0,0,0.00,1,11,10,0.03,107,100,7,2.05,39,33,6,0.64,159,161,2,0.87,25,25,0,0.00
"120730002003",191,197,6,1.43,130,125,5,0.81,114,130,16,2.28,129,131,2,0.32,100,103,3,0.38,120,105,15,2.25,16,9,7,0.14
"120730002004",59,65,6,0.94,42,28,14,1.57,0,7,7,0.00,62,51,11,1.82,85,93,8,1.81,97,104,7,1.81,30,27,3,0.24
"120730003011",87,86,1,0.12,23,44,21,0.64,165,145,20,4.37,54,44,10,0.72,93,117,24,2.96,141,139,2,0.37,192,180,12,3.05
"120730003021",73,89,16,1.92,8,9,1,0.01,61,71,10,1.00,44,44,0,0.00,113,108,5,0.93,222,228,6,2.19,88,60,28,4.05
"120730003022",9,11,2,0.03,22,19,3,0.12,47,45,2,0.16,65,73,8,0.91,69,83,14,1.69,271,263,8,3.78,90,79,11,1.73
"120730003031",186,178,8,1.56,77,74,3,0.24,46,55,9,0.43,125,142,17,2.22,224,223,1,0.23,239,236,3,0.75,59,48,11,0.68
"120730003032",128,138,10,1.52,26,27,1,0.03,108,119,11,1.41,123,125,2,0.29,129,140,11,1.69,264,236,28,8.80,62,55,7,0.52
"120730004001",93,86,7,1.55,25,14,11,0.65,56,50,6,0.80,56,61,5,0.67,45,49,4,0.43,103,115,12,2.94,42,45,3,0.30
"120730004002",0,0,0,0.00,0,0,0,0.00,0,14,14,0.00,47,33,14,14.00,0,0,0,0.00,0,0,0,0.00,0,0,0,0.00
"120730005001",324,340,16,8.47,72,60,12,1.41,40,45,5,0.33,104,104,0,0.00,40,27,13,0.85,0,2,2,0.00,32,34,2,0.10
"120730005002",229,223,6,3.32,82,90,8,1.58,52,57,5,0.63,16,17,1,0.04,24,16,8,0.46,0,0,0,0.00,11,11,0,0.00
"120730006001",129,135,6,2.61,39,43,4,0.53,47,52,5,0.79,51,40,11,1.90,0,3,3,0.00,30,23,7,0.71,0,0,0,0.00
"120730006002",78,93,15,3.49,36,42,6,0.64,81,72,9,2.18,10,19,9,0.27,52,38,14,2.17,65,62,3,0.58,13,9,4,0.16
"120730006003",448,471,23,12.12,161,158,3,0.57,119,108,11,1.54,48,46,2,0.11,30,30,0,0.00,44,37,7,0.36,0,0,0,0.00
"120730007001",38,38,0,0.00,54,56,2,0.22,93,90,3,0.56,90,85,5,0.91,67,79,12,1.63,100,106,6,1.21,52,40,12,1.26
"120730007002",97,107,10,1.54,38,46,8,0.48,135,145,10,2.14,128,108,20,4.06,89,81,8,1.13,134,134,0,0.00,9,9,0,0.00
"120730008001",45,37,8,0.76,0,8,8,0.00,105,106,1,0.22,88,75,13,2.40,69,67,2,0.29,97,108,11,2.24,72,75,3,0.45
"120730008002",18,18,0,0.00,0,1,1,0.00,26,26,0,0.00,62,58,4,0.66,113,104,9,2.70,103,112,9,2.46,55,58,3,0.44
"120730008003",0,1,1,0.00,22,14,8,0.28,42,45,3,0.20,35,36,1,0.05,90,103,13,1.84,185,197,12,3.49,263,241,22,9.08
"120730009011",6,10,4,0.04,0,5,5,0.00,83,81,2,0.30,53,49,4,0.39,88,89,1,0.16,193,191,2,0.71,124,122,2,0.45
"120730009012",46,42,4,0.21,66,69,3,0.23,151,144,7,1.21,46,75,29,1.53,231,217,14,3.70,211,194,17,4.11,122,132,10,1.40
"120730009013",47,59,12,0.58,0,6,6,0.00,129,141,12,1.59,148,150,2,0.30,182,168,14,2.62,365,353,12,4.50,103,97,6,0.63
"120730009014",16,18,2,0.11,13,9,4,0.18,28,31,3,0.28,17,18,1,0.06,14,23,9,0.43,180,170,10,6.08,28,27,1,0.09
"120730009015",79,76,3,0.22,54,49,5,0.25,126,146,20,2.31,86,94,8,0.63,228,216,12,2.51,308,294,14,3.95,210,216,6,1.15
"120730009031",47,50,3,0.48,0,6,6,0.00,79,65,14,3.76,25,19,6,0.51,0,3,3,0.00,110,120,10,3.74,33,31,2,0.22
"120730009032",95,120,25,2.77,67,70,3,0.23,198,187,11,2.54,19,32,13,0.29,236,229,7,1.93,241,218,23,6.48,0,0,0,0.00
"120730009041",102,110,8,0.80,20,33,13,0.26,52,80,28,1.43,236,256,20,4.64,288,268,20,5.66,241,194,47,11.13,79,77,2,0.16
"120730009042",10,9,1,0.01,0,4,4,0.00,74,79,5,0.45,49,62,13,0.77,281,286,5,1.69,271,246,25,8.17,144,143,1,0.17
"120730009051",109,125,16,2.09,36,30,6,0.26,52,68,16,1.00,146,140,6,1.05,100,106,6,0.72,304,280,24,8.75,87,85,2,0.21
"120730009052",48,51,3,0.27,24,28,4,0.18,48,53,5,0.45,58,55,3,0.33,136,153,17,4.35,171,159,12,3.86,47,33,14,1.24
"120730010011",283,284,1,0.56,31,34,3,0.19,69,63,6,0.83,27,31,4,0.22,41,40,1,0.08,50,49,1,0.10,0,0,0,0.00
"120730010012",123,128,5,1.29,86,80,6,1.09,64,78,14,1.89,33,42,9,0.63,127,115,12,3.21,42,32,10,0.88,0,0,0,0.00
"120730010021",200,201,1,0.28,71,76,5,0.49,50,48,2,0.14,37,32,5,0.26,57,71,14,1.10,287,286,1,0.40,23,11,12,0.38
"120730011011",100,92,8,2.46,42,61,19,2.46,117,111,6,2.16,16,16,0,0.00,44,40,4,0.54,6,5,1,0.02,0,0,0,0.00
"120730011012",115,97,18,7.04,23,37,14,1.10,94,95,1,0.32,5,7,2,0.03,24,23,1,0.08,33,35,2,0.22,0,0,0,0.00
"120730011013",70,68,2,0.85,25,21,4,0.61,4,9,5,0.12,19,23,4,0.46,37,32,5,1.12,10,12,2,0.12,0,0,0,0.00
"120730011021",98,108,10,1.55,19,23,4,0.12,96,91,5,0.76,50,59,9,0.71,98,90,8,1.24,185,193,8,2.35,85,67,18,2.42
"120730011022",19,19,0,0.00,50,33,17,2.43,0,16,16,0.00,81,77,4,0.93,100,119,19,5.43,95,84,11,2.99,5,2,3,0.04
"120730012001",154,166,12,3.32,48,51,3,0.26,137,156,19,4.68,53,42,11,1.05,99,84,15,2.67,38,39,1,0.07,27,18,9,0.44
"120730014011",10,9,1,0.02,86,90,4,0.72,69,62,7,1.00,47,46,1,0.10,85,83,2,0.35,184,191,7,2.68,0,0,0,0.00
"120730014012",301,307,6,2.22,76,70,6,0.56,42,59,17,0.88,148,154,6,1.09,202,181,21,5.22,29,30,1,0.04,14,11,3,0.05
"120730014021",185,198,13,6.76,17,13,4,0.19,32,41,9,0.81,40,24,16,1.80,21,19,2,0.12,41,36,5,0.58,20,25,5,0.28
"120730014022",196,217,21,5.15,148,141,7,1.30,175,173,2,0.44,143,146,3,0.54,104,96,8,1.04,0,2,2,0.00,34,25,9,0.38
"120730014023",329,311,18,8.11,38,45,7,0.36,111,106,5,0.76,95,110,15,1.95,79,81,2,0.22,44,50,6,0.36,34,27,7,0.33
"120730015001",143,148,5,0.92,72,77,5,0.46,114,110,4,0.59,25,42,17,0.55,152,148,4,0.78,269,250,19,6.59,0,0,0,0.00
"120730015002",51,58,7,1.12,0,0,0,0.00,29,16,13,1.19,0,6,6,0.00,58,75,17,3.10,169,158,11,5.85,11,5,6,0.21
"120730015003",7,9,2,0.03,16,18,2,0.06,29,31,2,0.11,35,37,2,0.14,153,153,0,0.00,199,197,2,0.78,69,63,6,0.81
"120730015004",33,32,1,0.11,0,0,0,0.00,12,16,4,0.16,23,32,9,0.71,89,80,9,2.75,56,59,3,0.58,78,72,6,1.61
"120730016011",164,170,6,1.88,34,29,5,0.33,89,86,3,0.51,8,21,13,0.20,134,131,3,0.77,63,60,3,0.36,31,26,5,0.30
"120730016012",30,27,3,0.10,14,20,6,0.09,101,91,10,1.12,53,60,7,0.41,97,111,14,1.51,432,432,0,0.00,171,157,14,2.67
"120730016013",62,51,11,0.96,55,45,10,0.77,93,100,7,0.91,242,253,11,3.74,99,106,7,0.97,90,86,4,0.51,71,71,0,0.00
"120730016021",9,11,2,0.03,31,26,5,0.22,25,25,0,0.00,31,35,4,0.18,92,101,9,1.19,316,315,1,0.46,189,180,9,2.45
"120730016022",0,0,0,0.00,0,4,4,0.00,36,32,4,0.40,18,13,5,0.25,10,21,11,0.30,158,159,1,0.43,142,135,7,2.73
"120730016023",0,0,0,0.00,0,0,0,0.00,11,10,1,0.04,0,0,0,0.00,0,6,6,0.00,119,120,1,0.42,152,146,6,3.23
"120730017001",0,0,0,0.00,0,0,0,0.00,11,17,6,0.14,36,30,6,0.45,8,19,11,0.18,152,149,3,0.95,272,264,8,4.54
"120730017002",81,87,6,0.45,91,91,0,0.00,120,109,11,1.21,112,107,5,0.51,256,253,3,0.71,217,241,24,4.79,211,200,11,2.13
"120730017003",21,15,6,0.19,0,2,2,0.00,61,55,6,0.56,30,25,5,0.23,40,50,10,0.61,161,147,14,3.46,338,357,19,9.86
"120730017004",0,0,0,0.00,0,5,5,0.00,45,44,1,0.08,15,13,2,0.05,41,37,4,0.30,150,181,31,8.49,297,268,29,15.72
"120730017005",0,0,0,0.00,0,4,4,0.00,14,17,3,0.16,13,18,5,0.25,14,16,2,0.11,133,124,9,4.60,86,81,5,1.65
"120730017006",0,0,0,0.00,0,0,0,0.00,0,0,0,0.00,0,0,0,0.00,16,19,3,0.16,134,129,5,2.28,144,146,2,0.98
"120730018011",9,6,3,0.11,34,31,3,0.41,33,30,3,0.40,28,39,11,1.25,71,81,10,2.87,48,41,7,1.36,24,19,5,0.49
"120730018012",211,212,1,0.17,91,106,15,1.12,101,127,26,2.15,208,199,9,1.53,266,277,11,2.40,324,280,44,11.69,19,19,0,0.00
"120730018021",77,79,2,0.23,103,105,2,0.30,148,149,1,0.22,108,119,11,1.75,95,79,16,2.24,137,138,1,0.20,10,9,1,0.01
"120730018022",72,56,16,2.02,54,57,3,0.28,111,117,6,1.17,66,101,35,4.05,174,155,19,5.80,93,84,9,1.47,0,0,0,0.00
"120730018023",106,93,13,1.58,0,16,16,0.00,140,145,5,0.80,33,42,9,0.34,169,179,10,1.94,322,302,20,7.40,100,93,7,0.80
"120730019011",0,0,0,0.00,42,44,2,0.33,0,8,8,0.00,78,82,4,1.21,64,53,11,2.73,52,52,0,0.00,22,19,3,0.26
"120730019012",150,164,14,4.41,60,55,5,0.63,43,64,21,1.90,82,63,19,3.27,28,37,9,0.53,101,82,19,4.03,12,11,1,0.03
"120730019013",217,213,4,1.23,44,41,3,0.19,215,225,10,3.05,53,54,1,0.08,46,49,3,0.20,110,100,10,1.56,19,22,3,0.08
"120730019021",26,27,1,0.05,27,36,9,0.51,72,76,4,0.61,61,71,10,1.29,80,81,1,0.17,182,163,19,7.31,25,19,6,0.32
"120730019022",17,28,11,0.25,61,87,26,2.15,181,178,3,0.73,174,156,18,4.24,38,49,11,0.57,257,232,25,8.69,11,9,2,0.03
"120730019023",70,72,2,0.45,9,8,1,0.03,43,47,4,0.55,38,45,7,0.86,86,62,24,6.66,51,68,17,2.80,13,8,5,0.21
"120730020031",156,169,13,3.95,102,93,9,1.79,90,84,6,1.05,18,21,3,0.11,45,47,2,0.18,103,100,3,0.60,0,0,0,0.00
"120730020041",538,522,16,6.84,129,146,17,1.74,234,241,7,1.30,201,200,1,0.16,65,57,8,0.41,78,79,1,0.06,13,13,0,0.00
"120730020042",269,264,5,1.72,77,77,0,0.00,91,117,26,3.03,125,119,6,0.96,49,57,8,0.50,151,121,30,5.79,20,27,7,0.18
"120730020043",56,78,22,3.68,54,52,2,0.32,66,56,10,1.97,0,9,9,0.00,80,73,7,1.67,79,67,12,2.83,0,0,0,0.00
"120730020044",346,333,13,5.25,81,90,9,0.85,91,100,9,0.96,145,141,4,0.68,67,75,8,0.63,126,117,9,1.32,0,0,0,0.00
"120730020051",357,377,20,7.96,169,205,36,6.78,303,248,55,18.58,34,27,7,0.27,15,14,1,0.02,19,26,7,0.15,0,0,0,0.00
"120730020052",207,176,31,10.54,81,78,3,0.40,48,91,43,3.39,214,220,6,2.11,59,44,15,1.45,0,0,0,0.00,0,0,0,0.00
"120730020061",307,319,12,6.45,91,93,2,0.32,59,59,0,0.00,23,15,8,0.32,0,11,11,0.00,91,74,17,2.71,0,0,0,0.00
"120730020062",252,277,25,12.52,106,86,20,4.21,52,49,3,0.31,20,26,6,0.24,38,35,3,0.23,35,30,5,0.35,0,0,0,0.00
"120730020063",53,50,3,0.28,23,26,3,0.12,49,72,23,1.95,188,177,11,3.58,201,188,13,4.53,63,64,1,0.11,0,0,0,0.00
"120730021011",128,133,5,0.46,155,184,29,3.22,265,243,22,4.18,154,165,11,1.21,249,264,15,2.68,394,353,41,11.57,51,54,3,0.11
"120730021012",65,71,6,0.59,12,15,3,0.05,91,86,5,0.69,14,15,1,0.02,104,117,13,2.05,213,212,1,0.32,160,143,17,4.13
"120730021031",174,177,3,0.58,51,79,28,1.60,284,262,22,6.99,161,155,6,1.08,113,129,16,2.02,98,76,22,2.41,13,16,3,0.04
"120730021032",114,116,2,0.38,37,54,17,1.04,240,226,14,5.54,35,44,9,0.52,84,72,12,1.66,80,77,3,0.40,16,17,1,0.03
"120730021041",188,209,21,4.59,102,116,14,1.66,219,207,12,3.06,116,108,8,1.08,134,134,0,0.00,76,67,9,0.80,25,19,6,0.17
"120730021042",100,126,26,3.62,106,105,1,0.15,33,49,16,0.74,99,98,1,0.14,203,181,22,6.22,114,108,6,0.95,63,51,12,1.05
"120730021043",717,719,2,0.77,203,211,8,0.87,355,377,22,4.20,275,247,28,4.14,154,143,11,0.91,155,162,7,0.58,0,0,0,0.00
"120730022011",101,93,8,1.79,150,160,10,3.33,59,57,2,0.26,24,39,15,0.80,28,34,6,0.37,89,68,21,4.14,0,0,0,0.00
"120730022012",0,0,0,0.00,0,6,6,0.00,47,48,1,0.26,20,23,3,0.33,68,70,2,0.76,30,25,5,0.83,15,8,7,0.58
"120730022013",26,34,8,0.62,25,21,4,0.30,39,40,1,0.12,42,28,14,1.77,27,35,8,0.65,145,151,6,2.61,29,24,5,0.44
"120730022014",146,162,16,3.58,0,5,5,0.00,77,72,5,0.59,49,63,14,1.05,190,189,1,0.29,157,138,19,4.57,34,24,10,0.52
"120730022015",59,59,0,0.00,0,4,4,0.00,66,77,11,1.61,34,41,7,0.53,110,106,4,0.98,140,134,6,1.87,41,29,12,1.09
"120730022051",101,92,9,1.48,0,3,3,0.00,120,129,9,1.75,29,42,13,0.61,108,106,2,0.35,228,214,14,5.18,30,30,0,0.00
"120730022052",14,13,1,0.05,16,10,6,0.32,0,7,7,0.00,43,40,3,0.43,74,71,3,0.73,93,100,7,2.15,63,62,1,0.21
"120730022053",21,22,1,0.05,37,35,2,0.19,28,33,5,0.36,16,10,6,0.25,15,31,16,0.62,165,174,9,3.81,108,85,23,6.37
"120730022054",69,81,12,0.89,74,56,18,1.43,31,37,6,0.20,99,96,3,0.32,117,130,13,1.63,364,350,14,5.46,179,183,4,0.77
"120730022061",0,0,0,0.00,0,0,0,0.00,30,27,3,0.12,21,34,13,0.36,149,161,12,2.37,279,264,15,5.56,274,267,7,2.55
"120730022062",0,0,0,0.00,13,12,1,0.03,38,33,5,0.39,18,21,3,0.11,74,84,10,1.53,153,161,8,2.52,189,174,15,5.85
"120730022071",29,35,6,0.36,60,51,9,1.11,0,1,1,0.00,14,24,10,0.29,108,103,5,1.11,205,200,5,2.10,72,74,2,0.30
"120730022072",50,57,7,0.73,60,57,3,0.38,145,136,9,2.73,74,81,7,1.08,44,48,4,0.37,95,89,6,1.19,10,10,0,0.00
"120730022081",66,67,1,0.12,0,4,4,0.00,57,51,6,0.60,128,136,8,1.79,45,56,11,0.87,193,182,11,3.71,83,76,7,1.02
"120730022082",19,12,7,0.17,16,22,6,0.12,173,189,16,3.50,104,119,15,1.97,242,221,21,6.43,121,131,10,1.53,115,96,19,2.77
"120730022083",42,45,3,0.21,16,22,6,0.16,61,61,0,0.00,0,8,8,0.00,94,110,16,2.47,293,268,25,12.05,102,94,8,1.34
"120730023021",93,77,16,3.22,4,11,7,0.06,63,80,17,2.32,34,28,6,0.44,87,77,10,1.88,141,155,14,4.27,40,34,6,0.52
"120730023022",58,56,2,0.24,8,7,1,0.02,44,39,5,0.46,7,8,1,0.01,82,76,6,1.02,132,149,17,4.68,149,145,4,1.24
"120730023023",0,0,0,0.00,0,0,0,0.00,0,0,0,0.00,0,2,2,0.00,15,30,15,0.76,107,118,11,3.95,176,148,28,16.54
"120730023031",29,26,3,0.10,0,2,2,0.00,61,70,9,0.63,57,55,2,0.13,134,144,10,1.53,490,482,8,4.47,105,97,8,0.96
"120730023032",44,49,5,0.35,36,30,6,0.34,0,8,8,0.00,77,72,5,0.61,109,104,5,0.86,304,316,12,5.74,66,57,9,0.93
"120730023041",60,46,14,1.59,38,35,3,0.22,105,120,15,2.99,131,125,6,1.49,48,60,12,1.09,111,102,9,1.90,34,39,5,0.32
"120730023042",93,105,12,3.81,7,4,3,0.07,24,33,9,0.74,63,59,4,0.86,70,62,8,1.91,36,30,6,0.74,0,0,0,0.00
"120730023043",14,12,2,0.07,41,33,8,0.88,14,23,9,0.34,83,90,7,1.55,55,58,3,0.44,112,117,5,1.50,55,41,14,2.06
"120730024031",0,3,3,0.00,41,36,5,0.29,75,73,2,0.21,81,70,11,1.24,94,99,5,0.65,318,324,6,2.65,110,114,4,0.61
"120730024032",38,43,5,0.46,13,13,0,0.00,26,30,4,0.25,0,3,3,0.00,20,26,6,0.29,204,186,18,8.89,112,112,0,0.00
"120730024081",45,42,3,0.14,16,19,3,0.05,56,50,6,0.34,83,79,4,0.34,99,97,2,0.20,348,354,6,2.12,337,343,6,2.05
"120730024082",12,16,4,0.09,0,0,0,0.00,0,3,3,0.00,30,39,9,0.49,57,57,0,0.00,217,228,11,4.37,230,203,27,11.37
"120730024083",15,20,5,0.11,0,0,0,0.00,0,2,2,0.00,17,25,8,0.20,56,65,9,0.76,226,252,26,8.82,352,302,50,26.43
"120730024084",0,2,2,0.00,17,18,1,0.02,31,30,1,0.04,33,30,3,0.14,34,36,2,0.10,254,253,1,0.37,320,320,0,0.00
"120730024101",13,17,4,0.15,0,0,0,0.00,16,19,3,0.14,18,15,3,0.16,37,46,9,0.99,133,123,10,3.93,121,118,3,1.07
"120730024102",0,0,0,0.00,0,0,0,0.00,0,1,1,0.00,13,17,4,0.11,61,64,3,0.38,127,142,15,3.91,286,263,23,13.51
"120730024103",9,6,3,0.04,0,3,3,0.00,66,70,4,0.35,115,113,2,0.31,108,109,1,0.14,293,299,6,2.35,156,147,9,1.88
"120730024104",146,162,16,2.05,11,20,9,0.09,185,188,3,0.49,75,107,32,2.11,380,353,27,9.00,301,274,27,7.13,42,36,6,0.22
"120730024111",13,15,2,0.04,29,25,4,0.19,39,37,2,0.13,34,39,5,0.28,125,111,14,2.87,163,189,26,6.96,206,193,13,4.40
"120730024121",16,7,9,0.09,0,1,1,0.00,13,27,14,0.11,43,44,1,0.03,59,67,8,0.30,546,598,52,17.76,922,855,67,38.63
"120730024122",0,3,3,0.00,66,70,4,0.40,31,31,0,0.00,22,25,3,0.10,81,90,9,1.10,313,312,1,0.47,149,131,18,4.05
"120730024123",29,27,2,0.12,0,0,0,0.00,0,0,0,0.00,0,0,0,0.00,16,23,7,0.24,250,263,13,6.83,181,163,18,6.84
"120730024124",0,0,0,0.00,0,0,0,0.00,0,0,0,0.00,0,8,8,0.00,81,106,25,4.43,221,211,10,4.84,155,132,23,7.80
"120730024131",0,1,1,0.00,13,12,1,0.01,16,15,1,0.02,19,16,3,0.06,0,30,30,0.00,423,450,27,13.02,406,353,53,24.54
"120730024141",0,0,0,0.00,0,0,0,0.00,0,0,0,0.00,0,4,4,0.00,27,27,0,0.00,163,168,5,2.42,147,138,9,3.93
"120730024142",0,1,1,0.00,33,24,9,0.27,24,27,3,0.07,62,77,15,0.86,61,58,3,0.17,465,491,26,11.14,440,407,33,13.38
"120730024143",11,15,4,0.10,0,0,0,0.00,0,8,8,0.00,59,67,8,1.06,103,98,5,1.16,169,158,11,4.18,103,99,4,0.93
"120730024151",57,63,6,0.36,45,34,11,0.52,33,27,6,0.21,25,26,1,0.03,76,83,7,0.56,354,350,4,1.49,360,367,7,2.65
"120730024152",29,39,10,0.36,0,2,2,0.00,29,33,4,0.14,22,21,1,0.03,84,94,10,1.03,294,295,1,0.36,356,330,26,11.37
"120730024161",70,63,7,1.12,14,16,2,0.06,0,0,0,0.00,0,5,5,0.00,30,30,0,0.00,144,155,11,3.63,178,167,11,4.49
"120730024162",0,0,0,0.00,0,3,3,0.00,80,71,9,1.07,0,2,2,0.00,48,53,5,0.36,185,204,19,5.21,362,342,20,10.73
"120730024171",38,39,1,0.03,30,27,3,0.08,0,9,9,0.00,118,105,13,1.36,12,27,15,0.16,220,255,35,6.80,714,670,44,27.75
"120730024172",16,14,2,0.02,44,38,6,0.20,27,38,11,0.23,59,61,2,0.09,89,85,4,0.28,294,333,39,8.90,760,720,40,23.58
"120730025051",22,23,1,0.06,58,63,5,0.82,32,25,7,0.63,16,24,8,0.36,73,82,9,1.86,138,123,15,5.86,14,13,1,0.04
"120730025052",71,78,7,0.53,27,31,4,0.11,147,143,4,0.62,32,50,18,0.61,270,264,6,1.71,232,222,10,2.45,167,158,9,1.59
"120730025053",25,29,4,0.21,30,35,5,0.31,126,108,18,4.73,10,10,0,0.00,34,39,5,0.35,141,152,11,3.24,113,106,7,1.65
"120730025054",0,0,0,0.00,0,7,7,0.00,65,59,6,0.52,15,29,14,0.28,209,215,6,1.67,385,364,21,10.74,79,79,0,0.00
"120730025071",42,42,0,0.00,9,13,4,0.04,51,49,2,0.11,17,17,0,0.00,54,53,1,0.06,354,394,40,15.19,405,364,41,17.82
"120730025081",83,87,4,0.34,20,24,4,0.08,40,46,6,0.24,104,106,2,0.21,70,72,2,0.14,246,254,8,2.00,423,397,26,11.15
"120730025082",28,38,10,0.59,0,0,0,0.00,7,9,2,0.03,0,0,0,0.00,61,50,11,1.42,50,82,32,3.40,325,292,33,22.77
"120730025083",0,0,0,0.00,0,1,1,0.00,22,30,8,0.53,49,35,14,2.07,23,27,4,0.28,186,190,4,2.25,51,48,3,0.46
"120730025084",0,0,0,0.00,0,1,1,0.00,18,21,3,0.07,40,49,9,0.49,43,44,1,0.06,258,264,6,2.10,377,357,20,10.24
"120730025085",58,70,12,0.89,11,15,4,0.06,49,56,7,0.44,97,77,20,2.48,101,91,10,1.29,228,273,45,13.14,237,199,38,11.53
"120730025091",64,77,13,0.84,78,73,5,0.39,56,70,14,0.79,185,189,4,0.75,330,313,17,5.66,269,258,11,2.98,10,12,2,0.02
"120730025092",144,141,3,1.78,0,1,1,0.00,54,60,6,1.33,3,3,0,0.00,25,22,3,0.31,17,16,1,0.07,0,0,0,0.00
"120730025101",44,41,3,0.19,10,15,5,0.07,111,113,2,0.32,121,125,4,0.70,99,82,17,2.43,219,233,14,4.43,88,83,5,0.64
"120730025102",19,22,3,0.08,45,49,4,0.25,56,56,0,0.00,36,50,14,0.71,184,183,1,0.26,268,239,29,10.96,101,110,9,1.28
"120730025103",0,0,0,0.00,0,3,3,0.00,57,61,4,0.15,137,127,10,0.88,189,191,2,0.24,648,678,30,12.43,533,504,29,9.88
"120730025111",0,2,2,0.00,38,51,13,0.89,47,41,6,0.51,11,30,19,0.38,94,74,20,3.40,92,105,13,2.16,271,250,21,10.29
"120730025121",0,0,0,0.00,0,0,0,0.00,0,2,2,0.00,33,20,13,0.77,48,59,11,0.95,143,172,29,7.46,332,303,29,17.32
"120730025122",0,2,2,0.00,14,10,4,0.09,9,8,1,0.01,0,6,6,0.00,69,69,0,0.00,207,251,44,14.53,328,281,47,24.59
"120730025131",0,0,0,0.00,0,1,1,0.00,23,27,4,0.07,50,65,15,0.59,121,120,1,0.10,332,380,48,12.56,743,676,67,39.23
"120730026031",71,65,6,0.45,39,32,7,0.29,261,282,21,5.78,64,77,13,0.88,130,120,10,1.37,316,317,1,0.33,68,56,12,0.86
"120730026032",124,118,6,1.23,0,11,11,0.00,95,104,9,1.42,58,60,2,0.19,171,173,2,0.57,125,110,15,3.11,30,27,3,0.15
"120730026033",53,52,1,0.15,48,43,5,0.66,23,30,7,0.44,54,45,9,1.33,29,38,9,0.72,138,128,10,3.78,20,29,9,0.49
"120730026041",17,16,1,0.03,0,5,5,0.00,103,115,12,2.38,176,163,13,4.41,62,69,7,0.84,134,126,8,2.07,27,25,2,0.10
"120730026042",0,1,1,0.00,19,25,6,0.17,70,99,29,3.01,134,131,3,0.60,155,155,0,0.00,257,231,26,9.90,40,33,7,0.41
"120730026051",15,17,2,0.02,0,2,2,0.00,46,39,7,0.19,70,84,14,0.58,174,177,3,0.31,482,594,112,31.92,904,778,126,67.36
"120730026061",16,17,1,0.04,14,15,1,0.03,16,16,0,0.00,43,52,9,0.85,74,60,14,2.27,141,148,7,2.16,152,148,4,1.33
"120730026062",39,38,1,0.05,0,2,2,0.00,87,96,9,0.92,63,59,4,0.30,94,88,6,0.66,382,394,12,5.38,187,175,12,2.63
"120730027011",34,33,1,0.07,31,42,11,0.69,101,94,7,1.43,90,80,10,1.82,130,130,0,0.00,66,75,9,1.20,42,40,2,0.17
"120730027012",10,15,5,0.16,33,33,0,0.00,17,17,0,0.00,18,23,5,0.29,73,65,8,1.87,137,135,2,0.88,25,25,0,0.00
"120730027013",16,14,2,0.07,0,3,3,0.00,39,55,16,1.43,94,93,1,0.22,147,139,8,2.70,116,116,0,0.00,23,15,8,0.42
"120730027014",35,44,9,0.73,26,22,4,0.24,97,122,25,5.63,83,55,28,5.39,62,69,7,1.01,98,91,7,1.59,30,28,2,0.14
"120730027015",38,33,5,0.69,53,68,15,2.89,21,36,15,1.15,92,78,14,4.68,33,27,6,0.72,38,33,5,0.69,0,0,0,0.00
"120730027021",105,102,3,0.30,21,22,1,0.02,52,48,4,0.20,78,86,8,0.60,265,239,26,6.67,241,271,30,7.00,271,265,6,1.57
"120730027022",31,34,3,0.10,23,39,16,0.41,182,186,4,0.82,38,37,1,0.04,154,148,6,1.04,392,388,4,1.76,69,57,12,0.93
