260542 0 249 0 0 11 0 0 0 0 0 0 0 0 11 0 0 0 0 1 0 0 0.100000
260542 0 239 0 0 21 0 0 0 0 0 0 0 0 10 0 0 0 0 1 0 0 0.200000
260542 0 223 0 0 37 0 0 0 0 0 0 0 0 16 0 0 0 0 1 0 0 0.300000
260542 0 211 0 0 49 0 0 0 0 0 0 0 0 12 0 0 0 0 1 0 0 0.400000
260542 0 204 0 0 56 0 0 0 0 0 0 0 0 7 0 0 0 0 1 0 0 0.500000
260542 0 198 0 0 62 0 0 0 0 0 0 0 0 6 0 0 0 0 0 0 0 0.600000
260542 0 188 0 0 72 0 0 0 0 0 0 0 0 10 0 0 0 0 0 0 0 0.700000
260542 0 183 0 0 77 0 0 0 0 0 0 0 0 5 0 0 0 0 0 0 0 0.800000
260542 0 173 0 0 87 0 0 0 0 0 0 0 0 10 0 0 0 0 0 0 0 0.900000
260542 0 162 0 0 98 0 0 0 0 0 0 0 0 11 0 0 0 0 0 0 0 1.000000
260542 0 154 0 0 106 0 0 0 0 0 0 0 0 8 0 0 0 0 0 0 0 1.100000
260542 0 147 0 0 113 0 0 0 0 0 0 0 0 7 0 0 0 0 0 0 0 1.200000
260542 0 139 0 0 121 0 0 0 0 0 0 0 0 8 0 0 0 0 0 0 0 1.300000
260542 0 134 0 0 126 0 0 0 0 0 0 0 0 5 0 0 0 0 0 0 0 1.400000
260542 0 127 0 0 133 0 0 0 0 0 0 0 0 7 0 0 0 0 0 0 0 1.500000
260542 0 120 0 0 140 0 0 0 0 0 0 0 0 7 0 0 0 0 0 0 0 1.600000
260542 0 113 0 0 147 0 0 0 0 0 0 0 0 7 0 0 0 0 0 0 0 1.700000
260542 0 111 0 0 149 0 0 0 0 0 0 0 0 2 0 0 0 0 0 0 0 1.800000
260542 0 110 0 0 150 0 0 0 0 0 0 0 0 1 0 0 0 0 0 0 0 1.900000
260542 0 106 0 0 154 0 0 0 0 0 0 0 0 4 0 0 0 0 0 0 0 2.000000
260542 0 102 0 0 158 0 0 0 0 0 0 0 0 4 0 0 0 0 0 0 0 2.100000
260542 0 100 0 0 160 0 0 0 0 0 0 0 0 2 0 0 0 0 0 0 0 2.200000
260542 0 92 0 0 168 0 0 0 0 0 0 0 0 8 0 0 0 0 0 0 0 2.300000
260542 0 84 0 0 176 0 0 0 0 0 0 0 0 8 0 0 0 0 0 0 0 2.400000
260542 0 77 0 0 183 0 0 0 0 0 0 0 0 7 0 0 0 0 0 0 0 2.500000
260542 0 76 0 0 184 0 0 0 0 0 0 0 0 1 0 0 0 0 0 0 0 2.600000
260542 0 73 0 0 187 0 0 0 0 0 0 0 0 3 0 0 0 0 0 0 0 2.700000
260542 0 70 0 0 190 0 0 0 0 0 0 0 0 3 0 0 0 0 0 0 0 2.799999
260542 0 66 0 0 194 0 0 0 0 0 0 0 0 4 0 0 0 0 0 0 0 2.899999
260542 0 65 0 0 195 0 0 0 0 0 0 0 0 1 0 0 0 0 0 0 0 2.999999
260542 0 62 0 0 198 0 0 0 0 0 0 0 0 3 0 0 0 0 0 0 0 3.099999
260542 0 60 0 0 200 0 0 0 0 0 0 0 0 2 0 0 0 0 0 0 0 3.199999
260542 0 57 0 0 203 0 0 0 0 0 0 0 0 3 0 0 0 0 0 0 0 3.299999
260542 0 55 0 0 205 0 0 0 0 0 0 0 0 2 0 0 0 0 0 0 0 3.399999
260542 0 54 0 0 206 0 0 0 0 0 0 0 0 1 0 0 0 0 0 0 0 3.499999
260542 0 50 0 0 210 0 0 0 0 0 0 0 0 4 0 0 0 0 0 0 0 3.599999
260542 0 50 0 0 210 0 0 0 0 0 0 0 0 0 0 0 0 0 0 0 0 3.699999
260542 0 47 0 0 213 0 0 0 0 0 0 0 0 3 0 0 0 0 0 0 0 3.799999
260542 0 45 0 0 215 0 0 0 0 0 0 0 0 2 0 0 0 0 0 0 0 3.899998
260542 0 42 0 0 218 0 0 0 0 0 0 0 0 3 0 0 0 0 0 0 0 3.999998
260542 0 37 0 0 223 0 0 0 0 0 0 0 0 5 0 0 0 0 0 0 0 4.099998
260542 0 33 0 0 227 0 0 0 0 0 0 0 0 4 0 0 0 0 0 0 0 4.199998
260542 0 33 0 0 227 0 0 0 0 0 0 0 0 0 0 0 0 0 0 0 0 4.299998
260542 0 32 0 0 228 0 0 0 0 0 0 0 0 1 0 0 0 0 0 0 0 4.399998
260542 0 31 0 0 229 0 0 0 0 0 0 0 0 1 0 0 0 0 0 0 0 4.499998
260542 0 31 0 0 229 0 0 0 0 0 0 0 0 0 0 0 0 0 0 0 0 4.599998
260542 0 28 0 0 232 0 0 0 0 0 0 0 0 3 0 0 0 0 0 0 0 4.699998
260542 0 27 0 0 233 0 0 0 0 0 0 0 0 1 0 0 0 0 0 0 0 4.799998
260542 0 27 0 0 233 0 0 0 0 0 0 0 0 0 0 0 0 0 0 0 0 4.899998
260542 0 24 0 0 236 0 0 0 0 0 0 0 0 3 0 0 0 0 0 0 0 4.999998
260542 0 24 0 0 236 0 0 0 0 0 0 0 0 0 0 0 0 0 0 0 0 5.099998
260542 0 24 0 0 236 0 0 0 0 0 0 0 0 0 0 0 0 0 0 0 0 5.199997
260542 0 24 0 0 236 0 0 0 0 0 0 0 0 0 0 0 0 0 0 0 0 5.299997
260542 0 23 0 0 237 0 0 0 0 0 0 0 0 1 0 0 0 0 0 0 0 5.399997
260542 0 22 0 0 238 0 0 0 0 0 0 0 0 1 0 0 0 0 0 0 0 5.499997
260542 0 22 0 0 238 0 0 0 0 0 0 0 0 0 0 0 0 0 0 0 0 5.599997
260542 0 20 0 0 240 0 0 0 0 0 0 0 0 2 0 0 0 0 0 0 0 5.699997
260542 0 19 0 0 241 0 0 0 0 0 0 0 0 1 0 0 0 0 0 0 0 5.799997
260542 0 17 0 0 243 0 0 0 0 0 0 0 0 2 0 0 0 0 0 0 0 5.899997
260542 0 17 0 0 243 0 0 0 0 0 0 0 0 0 0 0 0 0 0 0 0 5.999997
260542 0 16 0 0 244 0 0 0 0 0 0 0 0 1 0 0 0 0 0 0 0 6.099997
260542 0 16 0 0 244 0 0 0 0 0 0 0 0 0 0 0 0 0 0 0 0 6.199996
260542 0 16 0 0 244 0 0 0 0 0 0 0 0 0 0 0 0 0 0 0 0 6.299996
260542 0 16 0 0 244 0 0 0 0 0 0 0 0 0 0 0 0 0 0 0 0 6.399996
260542 0 16 0 0 244 0 0 0 0 0 0 0 0 0 0 0 0 0 0 0 0 6.499996
260542 0 16 0 0 244 0 0 0 0 0 0 0 0 0 0 0 0 0 0 0 0 6.599996
260542 0 15 0 0 245 0 0 0 0 0 0 0 0 1 0 0 0 0 0 0 0 6.699996
260542 0 14 0 0 246 0 0 0 0 0 0 0 0 1 0 0 0 0 0 0 0 6.799996
260542 0 13 0 0 247 0 0 0 0 0 0 0 0 1 0 0 0 0 0 0 0 6.899996
260542 0 12 0 0 248 0 0 0 0 0 0 0 0 1 0 0 0 0 0 0 0 6.999996
260542 0 12 0 0 248 0 0 0 0 0 0 0 0 0 0 0 0 0 0 0 0 7.099996
260542 0 12 0 0 248 0 0 0 0 0 0 0 0 0 0 0 0 0 0 0 0 7.199996
260542 0 12 0 0 248 0 0 0 0 0 0 0 0 0 0 0 0 0 0 0 0 7.299995
260542 0 12 0 0 248 0 0 0 0 0 0 0 0 0 0 0 0 0 0 0 0 7.399995
260542 0 12 0 0 248 0 0 0 0 0 0 0 0 0 0 0 0 0 0 0 0 7.499995
260542 0 12 0 0 248 0 0 0 0 0 0 0 0 0 0 0 0 0 0 0 0 7.599995
260542 0 12 0 0 248 0 0 0 0 0 0 0 0 0 0 0 0 0 0 0 0 7.699995
260542 0 9 0 0 251 0 0 0 0 0 0 0 0 3 0 0 0 0 0 0 0 7.799995
260542 0 9 0 0 251 0 0 0 0 0 0 0 0 0 0 0 0 0 0 0 0 7.899995
260542 0 9 0 0 251 0 0 0 0 0 0 0 0 0 0 0 0 0 0 0 0 7.999995
260542 0 9 0 0 251 0 0 0 0 0 0 0 0 0 0 0 0 0 0 0 0 8.099995
260542 0 9 0 0 240 0 0 0 11 0 0 0 0 0 0 0 0 11 0 0 0 8.199995
260542 0 9 0 0 230 0 0 0 21 0 0 0 0 0 0 0 0 10 0 0 0 8.299995
260542 0 9 0 0 214 0 0 0 37 0 0 0 0 0 0 0 0 16 0 0 0 8.399996
260542 0 9 0 0 202 0 0 0 49 0 0 0 0 0 0 0 0 12 0 0 0 8.499996
260542 0 7 0 0 197 0 0 0 56 0 0 0 0 2 0 0 0 7 0 0 0 8.599997
260542 0 7 0 0 191 0 0 0 62 0 0 0 0 0 0 0 0 6 0 0 0 8.699997
260542 0 7 0 0 181 0 0 0 72 0 0 0 0 0 0 0 0 10 0 0 0 8.799997
260542 0 7 0 0 176 0 0 0 77 0 0 0 0 0 0 0 0 5 0 0 0 8.899998
260542 0 7 0 0 166 0 0 0 87 0 0 0 0 0 0 0 0 10 0 0 0 8.999998
260542 0 6 0 0 156 0 0 0 98 0 0 0 0 1 0 0 0 11 0 0 0 9.099998
260542 0 6 0 0 148 0 0 0 106 0 0 0 0 0 0 0 0 8 0 0 0 9.199999
260542 0 5 0 0 142 0 0 0 113 0 0 0 0 1 0 0 0 7 0 0 0 9.299999
260542 0 5 0 0 134 0 0 0 121 0 0 0 0 0 0 0 0 8 0 0 0 9.400000
260542 0 5 0 0 129 0 0 0 126 0 0 0 0 0 0 0 0 5 0 0 0 9.500000
260542 0 5 0 0 115 0 0 0 140 0 0 0 0 0 0 0 0 14 0 0 0 9.600000
260542 0 5 0 0 108 0 0 0 147 0 0 0 0 0 0 0 0 7 0 0 0 9.700001
260542 0 4 0 0 107 0 0 0 149 0 0 0 0 1 0 0 0 2 0 0 0 9.800001
260542 0 3 0 0 107 0 0 0 150 0 0 0 0 1 0 0 0 1 0 0 0 9.900002
260542 0 3 0 0 103 0 0 0 154 0 0 0 0 0 0 0 0 4 0 0 0 10.000002
260542 0 3 0 0 99 0 0 0 158 0 0 0 0 0 0 0 0 4 0 0 0 10.100002
260542 0 2 0 0 98 0 0 0 160 0 0 0 0 1 0 0 0 2 0 0 0 10.200003
260542 0 2 0 0 90 0 0 0 168 0 0 0 0 0 0 0 0 8 0 0 0 10.300003
260542 0 2 0 0 82 0 0 0 176 0 0 0 0 0 0 0 0 8 0 0 0 10.400003
260542 0 2 0 0 75 0 0 0 183 0 0 0 0 0 0 0 0 7 0 0 0 10.500004
260542 0 2 0 0 74 0 0 0 184 0 0 0 0 0 0 0 0 1 0 0 0 10.600004
260542 0 2 0 0 71 0 0 0 187 0 0 0 0 0 0 0 0 3 0 0 0 10.700005
260542 0 2 0 0 68 0 0 0 190 0 0 0 0 0 0 0 0 3 0 0 0 10.800005
260542 0 1 0 0 65 0 0 0 194 0 0 0 0 1 0 0 0 4 0 0 0 10.900005
260542 0 1 0 0 64 0 0 0 195 0 0 0 0 0 0 0 0 1 0 0 0 11.000006
260542 0 1 0 0 61 0 0 0 198 0 0 0 0 0 0 0 0 3 0 0 0 11.100006
260542 0 1 0 0 59 0 0 0 200 0 0 0 0 0 0 0 0 2 0 0 0 11.200006
260542 0 1 0 0 56 0 0 0 203 0 0 0 0 0 0 0 0 3 0 0 0 11.300007
260542 0 1 0 0 54 0 0 0 205 0 0 0 0 0 0 0 0 2 0 0 0 11.400007
260542 0 1 0 0 53 0 0 0 206 0 0 0 0 0 0 0 0 1 0 0 0 11.500008
260542 0 1 0 0 49 0 0 0 210 0 0 0 0 0 0 0 0 4 0 0 0 11.600008
260542 0 1 0 0 49 0 0 0 210 0 0 0 0 0 0 0 0 0 0 0 0 11.700008
260542 0 0 0 0 47 0 0 0 213 0 0 0 0 1 0 0 0 3 0 0 0 11.800009
260542 0 0 0 0 45 0 0 0 215 0 0 0 0 0 0 0 0 2 0 0 0 11.900009
260542 0 0 0 0 42 0 0 0 218 0 0 0 0 0 0 0 0 3 0 0 0 12.000010
260542 0 0 0 0 37 0 0 0 223 0 0 0 0 0 0 0 0 5 0 0 0 12.100010
260542 0 0 0 0 33 0 0 0 227 0 0 0 0 0 0 0 0 4 0 0 0 12.200010
260542 0 0 0 0 33 0 0 0 227 0 0 0 0 0 0 0 0 0 0 0 0 12.300011
260542 0 0 0 0 32 0 0 0 228 0 0 0 0 0 0 0 0 1 0 0 0 12.400011
260542 0 0 0 0 31 0 0 0 229 0 0 0 0 0 0 0 0 1 0 0 0 12.500011
260542 0 0 0 0 31 0 0 0 229 0 0 0 0 0 0 0 0 0 0 0 0 12.600012
260542 0 0 0 0 28 0 0 0 232 0 0 0 0 0 0 0 0 3 0 0 0 12.700012
260542 0 0 0 0 27 0 0 0 233 0 0 0 0 0 0 0 0 1 0 0 0 12.800013
260542 0 0 0 0 27 0 0 0 233 0 0 0 0 0 0 0 0 0 0 0 0 12.900013
260542 0 0 0 0 24 0 0 0 236 0 0 0 0 0 0 0 0 3 0 0 0 13.000013
260542 0 0 0 0 24 0 0 0 236 0 0 0 0 0 0 0 0 0 0 0 0 13.100014
260542 0 0 0 0 24 0 0 0 236 0 0 0 0 0 0 0 0 0 0 0 0 13.200014
260542 0 0 0 0 24 0 0 0 236 0 0 0 0 0 0 0 0 0 0 0 0 13.300014
260542 0 0 0 0 23 0 0 0 237 0 0 0 0 0 0 0 0 1 0 0 0 13.400015
260542 0 0 0 0 22 0 0 0 238 0 0 0 0 0 0 0 0 1 0 0 0 13.500015
260542 0 0 0 0 22 0 0 0 238 0 0 0 0 0 0 0 0 0 0 0 0 13.600016
260542 0 0 0 0 20 0 0 0 240 0 0 0 0 0 0 0 0 2 0 0 0 13.700016
260542 0 0 0 0 19 0 0 0 241 0 0 0 0 0 0 0 0 1 0 0 0 13.800016
260542 0 0 0 0 17 0 0 0 243 0 0 0 0 0 0 0 0 2 0 0 0 13.900017
260542 0 0 0 0 17 0 0 0 243 0 0 0 0 0 0 0 0 0 0 0 0 14.000017
260542 0 0 0 0 16 0 0 0 244 0 0 0 0 0 0 0 0 1 0 0 0 14.100018
260542 0 0 0 0 16 0 0 0 244 0 0 0 0 0 0 0 0 0 0 0 0 14.200018
260542 0 0 0 0 16 0 0 0 244 0 0 0 0 0 0 0 0 0 0 0 0 14.300018
260542 0 0 0 0 16 0 0 0 244 0 0 0 0 0 0 0 0 0 0 0 0 14.400019
260542 0 0 0 0 16 0 0 0 244 0 0 0 0 0 0 0 0 0 0 0 0 14.500019
260542 0 0 0 0 16 0 0 0 244 0 0 0 0 0 0 0 0 0 0 0 0 14.600019
260542 0 0 0 0 15 0 0 0 245 0 0 0 0 0 0 0 0 1 0 0 0 14.700020
260542 0 0 0 0 14 0 0 0 246 0 0 0 0 0 0 0 0 1 0 0 0 14.800020
260542 0 0 0 0 13 0 0 0 247 0 0 0 0 0 0 0 0 1 0 0 0 14.900021
260542 0 0 0 0 12 0 0 0 248 0 0 0 0 0 0 0 0 1 0 0 0 15.000021
260542 0 0 0 0 12 0 0 0 248 0 0 0 0 0 0 0 0 0 0 0 0 15.100021
260542 0 0 0 0 12 0 0 0 248 0 0 0 0 0 0 0 0 0 0 0 0 15.200022
260542 0 0 0 0 12 0 0 0 248 0 0 0 0 0 0 0 0 0 0 0 0 15.300022
260542 0 0 0 0 12 0 0 0 248 0 0 0 0 0 0 0 0 0 0 0 0 15.400023
260542 0 0 0 0 12 0 0 0 248 0 0 0 0 0 0 0 0 0 0 0 0 15.500023
260542 0 0 0 0 12 0 0 0 248 0 0 0 0 0 0 0 0 0 0 0 0 15.600023
260542 0 0 0 0 12 0 0 0 248 0 0 0 0 0 0 0 0 0 0 0 0 15.700024
260542 0 0 0 0 9 0 0 0 251 0 0 0 0 0 0 0 0 3 0 0 0 15.800024
260542 0 0 0 0 9 0 0 0 251 0 0 0 0 0 0 0 0 0 0 0 0 15.900024
260542 0 0 0 0 9 0 0 0 251 0 0 0 0 0 0 0 0 0 0 0 0 16.000025
260542 0 0 0 0 9 0 0 0 251 0 0 0 0 0 0 0 0 0 0 0 0 16.100025
260542 0 0 0 0 9 0 0 0 251 0 0 0 0 0 0 0 0 0 0 0 0 16.200026
260542 0 0 0 0 9 0 0 0 251 0 0 0 0 0 0 0 0 0 0 0 0 16.300026
260542 0 0 0 0 9 0 0 0 251 0 0 0 0 0 0 0 0 0 0 0 0 16.400026
260542 0 0 0 0 9 0 0 0 251 0 0 0 0 0 0 0 0 0 0 0 0 16.500027
260542 0 0 0 0 7 0 0 0 253 0 0 0 0 0 0 0 0 2 0 0 0 16.600027
260542 0 0 0 0 7 0 0 0 253 0 0 0 0 0 0 0 0 0 0 0 0 16.700027
260542 0 0 0 0 7 0 0 0 253 0 0 0 0 0 0 0 0 0 0 0 0 16.800028
260542 0 0 0 0 7 0 0 0 253 0 0 0 0 0 0 0 0 0 0 0 0 16.900028
260542 0 0 0 0 7 0 0 0 253 0 0 0 0 0 0 0 0 0 0 0 0 17.000029
260542 0 0 0 0 6 0 0 0 254 0 0 0 0 0 0 0 0 1 0 0 0 17.100029
260542 0 0 0 0 6 0 0 0 254 0 0 0 0 0 0 0 0 0 0 0 0 17.200029
260542 0 0 0 0 5 0 0 0 255 0 0 0 0 0 0 0 0 1 0 0 0 17.300030
260542 0 0 0 0 5 0 0 0 255 0 0 0 0 0 0 0 0 0 0 0 0 17.400030
260542 0 0 0 0 5 0 0 0 255 0 0 0 0 0 0 0 0 0 0 0 0 17.500031
260542 0 0 0 0 5 0 0 0 255 0 0 0 0 0 0 0 0 0 0 0 0 17.600031
260542 0 0 0 0 5 0 0 0 255 0 0 0 0 0 0 0 0 0 0 0 0 17.700031
260542 0 0 0 0 4 0 0 0 256 0 0 0 0 0 0 0 0 1 0 0 0 17.800032
260542 0 0 0 0 3 0 0 0 257 0 0 0 0 0 0 0 0 1 0 0 0 17.900032
260542 0 0 0 0 3 0 0 0 257 0 0 0 0 0 0 0 0 0 0 0 0 18.000032
260542 0 0 0 0 3 0 0 0 257 0 0 0 0 0 0 0 0 0 0 0 0 18.100033
260542 0 0 0 0 2 0 0 0 258 0 0 0 0 0 0 0 0 1 0 0 0 18.200033
260542 0 0 0 0 2 0 0 0 258 0 0 0 0 0 0 0 0 0 0 0 0 18.300034
260542 0 0 0 0 2 0 0 0 258 0 0 0 0 0 0 0 0 0 0 0 0 18.400034
260542 0 0 0 0 2 0 0 0 258 0 0 0 0 0 0 0 0 0 0 0 0 18.500034
260542 0 0 0 0 2 0 0 0 258 0 0 0 0 0 0 0 0 0 0 0 0 18.600035
260542 0 0 0 0 2 0 0 0 258 0 0 0 0 0 0 0 0 0 0 0 0 18.700035
260542 0 0 0 0 2 0 0 0 258 0 0 0 0 0 0 0 0 0 0 0 0 18.800035
260542 0 0 0 0 1 0 0 0 259 0 0 0 0 0 0 0 0 1 0 0 0 18.900036
260542 0 0 0 0 1 0 0 0 259 0 0 0 0 0 0 0 0 0 0 0 0 19.000036
260542 0 0 0 0 1 0 0 0 259 0 0 0 0 0 0 0 0 0 0 0 0 19.100037
260542 0 0 0 0 1 0 0 0 259 0 0 0 0 0 0 0 0 0 0 0 0 19.200037
260542 0 0 0 0 1 0 0 0 259 0 0 0 0 0 0 0 0 0 0 0 0 19.300037
260542 0 0 0 0 1 0 0 0 259 0 0 0 0 0 0 0 0 0 0 0 0 19.400038
260542 0 0 0 0 1 0 0 0 259 0 0 0 0 0 0 0 0 0 0 0 0 19.500038
260542 0 0 0 0 1 0 0 0 259 0 0 0 0 0 0 0 0 0 0 0 0 19.600039
260542 0 0 0 0 1 0 0 0 259 0 0 0 0 0 0 0 0 0 0 0 0 19.700039
260542 0 0 0 0 0 0 0 0 260 0 0 0 0 0 0 0 0 1 0 0 0 19.800039
