0 1 0 0 0 0 0 0 0 0 0 0 0 0 0 0 0 0 0
0 1 0 0 0 0 0 0 0 0 0 0 0 0 0 0 0 0 0
0 0 0 1 0 0 0 0 0 0 0 0 1 0 0 0 0 0 0
0 0 0 0 1 0 0 0 0 0 0 0 0 1 0 0 0 0 0
0 5 0 0 1 0 0 0 0 0 5 0 0 0 0 0 0 0 0
0 8 0 0 1 0 0 0 0 0 3 0 0 0 0 0 0 0 0
0 2 0 6 1 0 0 0 0 0 0 0 6 0 0 0 0 0 0
0 2 0 4 4 0 0 0 0 0 1 0 1 3 0 0 0 0 0
0 6 0 5 2 0 0 0 2 0 5 0 1 0 0 0 0 2 0
0 7 0 4 4 0 0 0 2 0 2 0 1 2 0 0 0 0 0
0 5 0 5 5 0 0 0 3 0 1 0 3 2 0 0 0 1 0
0 7 0 5 4 0 0 0 5 0 3 0 1 1 0 0 0 2 0
0 18 0 6 4 0 0 0 6 0 13 0 2 1 0 0 0 1 0
0 13 0 10 6 0 0 0 7 0 2 0 7 3 0 0 0 1 0
0 13 0 8 8 0 0 0 9 0 2 0 2 4 0 0 0 2 0
0 22 0 10 9 0 0 0 11 0 14 0 5 3 0 0 0 2 0
0 28 0 12 11 0 0 0 14 0 13 0 7 5 0 0 0 3 0
0 22 0 18 13 0 0 0 19 0 7 0 13 7 0 0 0 5 0
0 23 0 21 18 0 0 0 23 0 13 0 12 9 0 0 0 4 0
0 39 0 18 20 0 0 0 32 0 24 0 8 11 0 0 0 9 0
0 41 0 28 14 0 0 0 43 0 17 0 15 5 0 0 0 11 0
0 30 0 34 23 0 0 0 48 0 9 0 20 14 0 0 0 5 0
0 44 0 29 28 0 0 0 58 0 24 0 10 15 0 0 0 10 0
0 63 0 37 30 0 0 0 66 0 37 0 18 10 0 0 0 8 0
0 63 0 38 33 0 0 0 82 0 20 0 20 19 0 0 0 16 0
0 46 0 37 42 0 0 0 94 0 3 0 20 21 0 0 0 12 0
0 65 0 38 36 0 0 0 119 0 39 0 20 19 0 0 0 25 0
0 96 0 44 37 0 0 0 133 0 52 0 21 15 0 0 0 14 0
0 86 0 58 43 0 0 0 149 0 26 0 36 22 0 0 0 16 0
0 76 0 65 45 0 0 0 168 0 18 0 28 21 0 0 0 19 0
0 87 0 57 62 0 0 0 185 0 37 0 26 34 0 0 0 17 0
0 98 0 58 66 0 0 0 211 0 42 0 31 30 0 0 0 26 0
0 74 0 68 68 0 0 0 237 0 14 0 38 28 0 0 0 26 0
0 78 0 59 76 0 0 0 261 0 27 0 23 32 0 0 0 24 0
0 96 0 49 92 0 0 0 282 0 45 0 27 37 0 0 0 21 0
0 84 0 59 81 0 0 0 319 0 24 0 36 26 0 0 0 37 0
0 60 0 57 82 0 0 0 349 0 5 0 29 31 0 0 0 30 0
0 55 0 52 80 0 0 0 374 0 13 0 18 23 0 0 0 25 0
0 44 0 44 71 0 0 0 409 0 7 0 18 26 0 0 0 35 0
0 40 0 29 60 0 0 0 443 0 4 0 8 23 0 0 0 34 0
0 31 0 28 57 0 0 0 458 0 2 0 11 12 0 0 0 15 0
0 18 0 27 48 0 0 0 481 0 0 0 13 14 0 0 0 23 0
0 12 0 21 44 0 0 0 497 0 0 0 6 12 0 0 0 16 0
0 8 0 17 29 0 0 0 520 0 0 0 4 8 0 0 0 23 0
0 4 0 16 23 0 0 0 531 0 0 0 4 5 0 0 0 11 0
0 0 0 12 22 0 0 0 540 0 0 0 4 8 0 0 0 9 0
0 0 0 8 17 0 0 0 549 0 0 0 0 4 0 0 0 9 0
0 0 0 3 12 0 0 0 559 0 0 0 0 5 0 0 0 10 0
0 0 0 2 11 0 0 0 561 0 0 0 0 1 0 0 0 2 0
0 0 0 2 8 0 0 0 564 0 0 0 0 0 0 0 0 3 0
0 0 0 0 10 0 0 0 564 0 0 0 0 2 0 0 0 0 0
0 0 0 0 3 0 0 0 571 0 0 0 0 0 0 0 0 7 0
0 0 0 0 2 0 0 0 572 0 0 0 0 0 0 0 0 1 0
0 0 0 0 1 0 0 0 573 0 0 0 0 0 0 0 0 1 0
0 0 0 0 1 0 0 0 573 0 0 0 0 0 0 0 0 0 0
0 0 0 0 0 0 0 0 574 0 0 0 0 0 0 0 0 1 0
