0 13549 0 13562 13562 0 0 0 13562 0 
0 40314 0 40349 40349 0 0 0 40349 0 
0 112346 0 112470 112470 0 0 0 112470 0 
0 34737 0 34794 34794 0 0 0 34794 0 
0 6774 0 6805 6805 0 0 0 6805 0 
0 13521 0 13534 13534 0 0 0 13534 1 
0 40302 0 40337 40337 0 0 0 40337 1 
0 112567 0 112691 112691 0 0 0 112691 1 
0 34739 0 34796 34796 0 0 0 34796 1 
0 6791 0 6822 6822 0 0 0 6822 1 
0 13471 0 13484 13484 0 0 0 13484 2 
0 40316 0 40351 40351 0 0 0 40351 2 
0 112603 0 112727 112727 0 0 0 112727 2 
0 34761 0 34818 34818 0 0 0 34818 2 
0 6841 0 6872 6872 0 0 0 6872 2 
0 13506 0 13519 13519 0 0 0 13519 3 
0 40307 0 40342 40342 0 0 0 40342 3 
0 112481 0 112605 112605 0 0 0 112605 3 
0 34828 0 34885 34885 0 0 0 34885 3 
0 6826 0 6857 6857 0 0 0 6857 3 
0 13490 0 13503 13503 0 0 0 13503 4 
0 40315 0 40350 40350 0 0 0 40350 4 
0 112499 0 112623 112623 0 0 0 112623 4 
0 34841 0 34898 34898 0 0 0 34898 4 
0 6759 0 6790 6790 0 0 0 6790 4 
