0 0 0 260 0 0 0 0 0 0 0 0 260 0 0 0 0 0 0
0 0 0 158 102 0 0 0 0 0 0 0 0 102 0 0 0 0 0
0 296 0 91 154 0 0 0 15 0 296 0 0 67 0 0 0 15 0
0 313 0 356 154 0 0 0 46 0 313 0 296 31 0 0 0 31 0
0 426 0 537 250 0 0 0 82 0 426 0 313 132 0 0 0 36 0
0 1250 0 759 407 0 0 0 129 0 1250 0 426 204 0 0 0 47 0
0 1273 0 1719 626 0 0 0 200 0 1273 0 1250 290 0 0 0 71 0
0 1576 0 2327 1176 0 0 0 315 0 1576 0 1273 665 0 0 0 115 0
0 2870 0 2955 1877 0 0 0 562 0 2870 0 1576 948 0 0 0 247 0
0 2475 0 4699 2636 0 0 0 929 0 2475 0 2870 1126 0 0 0 367 0
0 3318 0 5310 3993 0 0 0 1436 0 3318 0 2475 1864 0 0 0 507 0
0 4068 0 6510 5269 0 0 0 2278 0 4068 0 3318 2118 0 0 0 842 0
0 5504 0 7987 6779 0 0 0 3359 0 5504 0 4068 2591 0 0 0 1081 0
0 6825 0 10264 8668 0 0 0 4697 0 6825 0 5504 3227 0 0 0 1338 0
0 7804 0 13020 11045 0 0 0 6389 0 7804 0 6825 4069 0 0 0 1692 0
0 9005 0 15760 13974 0 0 0 8524 0 9005 0 7804 5064 0 0 0 2135 0
0 10441 0 18552 17373 0 0 0 11338 0 10441 0 9005 6213 0 0 0 2814 0
0 11554 0 21677 21230 0 0 0 14797 0 11554 0 10441 7316 0 0 0 3459 0
0 12335 0 24706 25562 0 0 0 18990 0 12335 0 11554 8525 0 0 0 4193 0
0 13172 0 27103 30385 0 0 0 24105 0 13172 0 12335 9938 0 0 0 5115 0
0 13439 0 29619 34879 0 0 0 30267 0 13439 0 13172 10656 0 0 0 6162 0
0 12970 0 31493 39507 0 0 0 37204 0 12970 0 13439 11565 0 0 0 6937 0
0 12499 0 32156 43901 0 0 0 45117 0 12499 0 12970 12307 0 0 0 7913 0
0 11525 0 31974 47947 0 0 0 53752 0 11525 0 12499 12681 0 0 0 8635 0
0 10305 0 30866 50964 0 0 0 63368 0 10305 0 11525 12633 0 0 0 9616 0
0 8962 0 28816 53066 0 0 0 73621 0 8962 0 10305 12355 0 0 0 10253 0
0 7824 0 26423 53811 0 0 0 84231 0 7824 0 8962 11355 0 0 0 10610 0
0 6456 0 23695 53418 0 0 0 95176 0 6456 0 7824 10552 0 0 0 10945 0
0 5445 0 20725 52257 0 0 0 105763 0 5445 0 6456 9426 0 0 0 10587 0
0 4403 0 18042 49841 0 0 0 116307 0 4403 0 5445 8128 0 0 0 10544 0
0 3676 0 15378 46959 0 0 0 126256 0 3676 0 4403 7067 0 0 0 9949 0
0 3008 0 13055 43543 0 0 0 135671 0 3008 0 3676 5999 0 0 0 9415 0
0 2392 0 10828 39986 0 0 0 144463 0 2392 0 3008 5235 0 0 0 8792 0
0 1841 0 8894 36346 0 0 0 152429 0 1841 0 2392 4326 0 0 0 7966 0
0 1635 0 7181 32578 0 0 0 159751 0 1635 0 1841 3554 0 0 0 7322 0
0 1312 0 5954 28965 0 0 0 166226 0 1312 0 1635 2862 0 0 0 6475 0
0 1047 0 4910 25413 0 0 0 172134 0 1047 0 1312 2356 0 0 0 5908 0
0 853 0 4027 22233 0 0 0 177244 0 853 0 1047 1930 0 0 0 5110 0
0 661 0 3349 19308 0 0 0 181700 0 661 0 853 1531 0 0 0 4456 0
0 519 0 2679 16838 0 0 0 185501 0 519 0 661 1331 0 0 0 3801 0
0 475 0 2160 14468 0 0 0 188909 0 475 0 519 1038 0 0 0 3408 0
0 365 0 1759 12393 0 0 0 191860 0 365 0 475 876 0 0 0 2951 0
0 283 0 1436 10652 0 0 0 194289 0 283 0 365 688 0 0 0 2429 0
0 271 0 1141 9029 0 0 0 196490 0 271 0 283 578 0 0 0 2201 0
0 197 0 935 7675 0 0 0 198321 0 197 0 271 477 0 0 0 1831 0
0 159 0 780 6552 0 0 0 199796 0 159 0 197 352 0 0 0 1475 0
0 128 0 673 5512 0 0 0 201102 0 128 0 159 266 0 0 0 1306 0
0 97 0 540 4707 0 0 0 202168 0 97 0 128 261 0 0 0 1066 0
0 84 0 449 3970 0 0 0 203093 0 84 0 97 188 0 0 0 925 0
0 73 0 349 3332 0 0 0 203915 0 73 0 84 184 0 0 0 822 0
0 53 0 283 2803 0 0 0 204583 0 53 0 73 139 0 0 0 668 0
0 45 0 223 2394 0 0 0 205105 0 45 0 53 113 0 0 0 522 0
0 53 0 196 1977 0 0 0 205594 0 53 0 45 72 0 0 0 489 0
0 26 0 177 1642 0 0 0 206001 0 26 0 53 72 0 0 0 407 0
0 26 0 137 1363 0 0 0 206346 0 26 0 26 66 0 0 0 345 0
0 19 0 115 1164 0 0 0 206593 0 19 0 26 48 0 0 0 247 0
0 25 0 93 994 0 0 0 206804 0 25 0 19 41 0 0 0 211 0
0 7 0 80 816 0 0 0 207020 0 7 0 25 38 0 0 0 216 0
0 6 0 49 684 0 0 0 207190 0 6 0 7 38 0 0 0 170 0
0 14 0 38 575 0 0 0 207316 0 14 0 6 17 0 0 0 126 0
0 13 0 37 474 0 0 0 207432 0 13 0 14 15 0 0 0 116 0
0 3 0 40 381 0 0 0 207535 0 3 0 13 10 0 0 0 103 0
0 6 0 33 315 0 0 0 207611 0 6 0 3 10 0 0 0 76 0
0 1 0 19 274 0 0 0 207672 0 1 0 6 20 0 0 0 61 0
0 3 0 13 229 0 0 0 207724 0 3 0 1 7 0 0 0 52 0
0 1 0 12 177 0 0 0 207780 0 1 0 3 4 0 0 0 56 0
0 2 0 8 151 0 0 0 207811 0 2 0 1 5 0 0 0 31 0
0 3 0 7 127 0 0 0 207838 0 3 0 2 3 0 0 0 27 0
0 0 0 5 106 0 0 0 207864 0 0 0 3 5 0 0 0 26 0
0 1 0 1 89 0 0 0 207885 0 1 0 0 4 0 0 0 21 0
0 1 0 1 74 0 0 0 207901 0 1 0 1 1 0 0 0 16 0
0 1 0 2 54 0 0 0 207921 0 1 0 1 0 0 0 0 20 0
0 0 0 3 49 0 0 0 207926 0 0 0 1 0 0 0 0 5 0
0 1 0 1 44 0 0 0 207933 0 1 0 0 2 0 0 0 7 0
0 0 0 1 36 0 0 0 207942 0 0 0 1 1 0 0 0 9 0
0 0 0 0 29 0 0 0 207950 0 0 0 0 1 0 0 0 8 0
0 0 0 0 24 0 0 0 207955 0 0 0 0 0 0 0 0 5 0
0 0 0 0 17 0 0 0 207962 0 0 0 0 0 0 0 0 7 0
0 0 0 0 15 0 0 0 207964 0 0 0 0 0 0 0 0 2 0
0 1 0 0 14 0 0 0 207965 0 1 0 0 0 0 0 0 1 0
0 0 0 1 8 0 0 0 207971 0 0 0 1 0 0 0 0 6 0
0 0 0 0 5 0 0 0 207975 0 0 0 0 1 0 0 0 4 0
0 0 0 0 4 0 0 0 207976 0 0 0 0 0 0 0 0 1 0
0 0 0 0 3 0 0 0 207977 0 0 0 0 0 0 0 0 1 0
0 0 0 0 2 0 0 0 207978 0 0 0 0 0 0 0 0 1 0
0 0 0 0 0 0 0 0 207980 0 0 0 0 0 0 0 0 2 0
0 0 0 260 0 0 0 0 0 0 0 0 260 0 0 0 0 0 1
0 0 0 157 103 0 0 0 0 0 0 0 0 103 0 0 0 0 1
0 255 0 96 145 0 0 0 19 0 255 0 0 61 0 0 0 19 1
0 478 0 305 162 0 0 0 48 0 478 0 255 46 0 0 0 29 1
0 551 0 658 254 0 0 0 81 0 551 0 478 125 0 0 0 33 1
0 703 0 947 464 0 0 0 133 0 703 0 551 262 0 0 0 52 1
0 1435 0 1288 735 0 0 0 224 0 1435 0 703 362 0 0 0 91 1
0 1578 0 2221 1094 0 0 0 367 0 1578 0 1435 502 0 0 0 143 1
0 1484 0 2924 1753 0 0 0 583 0 1484 0 1578 875 0 0 0 216 1
0 2953 0 3215 2567 0 0 0 962 0 2953 0 1484 1193 0 0 0 379 1
0 3396 0 4914 3313 0 0 0 1470 0 3396 0 2953 1254 0 0 0 508 1
0 3718 0 6386 4570 0 0 0 2137 0 3718 0 3396 1924 0 0 0 667 1
0 5101 0 7533 6225 0 0 0 3053 0 5101 0 3718 2571 0 0 0 916 1
0 5972 0 9648 7957 0 0 0 4307 0 5972 0 5101 2986 0 0 0 1254 1
0 7379 0 11809 10272 0 0 0 5803 0 7379 0 5972 3811 0 0 0 1496 1
0 8792 0 14591 12833 0 0 0 7839 0 8792 0 7379 4597 0 0 0 2036 1
0 10529 0 17631 15985 0 0 0 10439 0 10529 0 8792 5752 0 0 0 2600 1
0 11449 0 21128 19876 0 0 0 13580 0 11449 0 10529 7032 0 0 0 3141 1
0 12153 0 24253 24209 0 0 0 17571 0 12153 0 11449 8324 0 0 0 3991 1
0 13366 0 26870 28943 0 0 0 22373 0 13366 0 12153 9536 0 0 0 4802 1
0 13297 0 29757 33597 0 0 0 28198 0 13297 0 13366 10479 0 0 0 5825 1
0 12967 0 31422 38632 0 0 0 34795 0 12967 0 13297 11632 0 0 0 6597 1
0 12655 0 31910 43558 0 0 0 42348 0 12655 0 12967 12479 0 0 0 7553 1
0 11874 0 31936 47177 0 0 0 51358 0 11874 0 12655 12629 0 0 0 9010 1
0 10875 0 31230 50373 0 0 0 60742 0 10875 0 11874 12580 0 0 0 9384 1
0 9453 0 29757 52596 0 0 0 70867 0 9453 0 10875 12348 0 0 0 10125 1
0 7806 0 27565 53688 0 0 0 81420 0 7806 0 9453 11645 0 0 0 10553 1
0 6788 0 24576 53745 0 0 0 92158 0 6788 0 7806 10795 0 0 0 10738 1
0 5559 0 21832 52437 0 0 0 102998 0 5559 0 6788 9532 0 0 0 10840 1
0 4665 0 18854 50606 0 0 0 113366 0 4665 0 5559 8537 0 0 0 10368 1
0 3815 0 16185 47871 0 0 0 123435 0 3815 0 4665 7334 0 0 0 10069 1
0 3097 0 13602 44718 0 0 0 132986 0 3097 0 3815 6398 0 0 0 9551 1
0 2497 0 11304 41130 0 0 0 141969 0 2497 0 3097 5395 0 0 0 8983 1
0 2099 0 9297 37364 0 0 0 150239 0 2099 0 2497 4504 0 0 0 8270 1
0 1697 0 7759 33604 0 0 0 157636 0 1697 0 2099 3637 0 0 0 7397 1
0 1374 0 6383 30004 0 0 0 164309 0 1374 0 1697 3073 0 0 0 6673 1
0 1148 0 5227 26552 0 0 0 170291 0 1148 0 1374 2530 0 0 0 5982 1
0 884 0 4309 23281 0 0 0 175628 0 884 0 1148 2066 0 0 0 5337 1
0 743 0 3528 20356 0 0 0 180218 0 743 0 884 1665 0 0 0 4590 1
0 616 0 2850 17740 0 0 0 184255 0 616 0 743 1421 0 0 0 4037 1
0 550 0 2330 15279 0 0 0 187852 0 550 0 616 1136 0 0 0 3597 1
0 403 0 1969 13038 0 0 0 191004 0 403 0 550 911 0 0 0 3152 1
0 338 0 1602 11199 0 0 0 193613 0 338 0 403 770 0 0 0 2609 1
0 256 0 1280 9719 0 0 0 195753 0 256 0 338 660 0 0 0 2140 1
0 231 0 1067 8251 0 0 0 197690 0 231 0 256 469 0 0 0 1937 1
0 191 0 880 6978 0 0 0 199381 0 191 0 231 418 0 0 0 1691 1
0 132 0 735 5917 0 0 0 200778 0 132 0 191 336 0 0 0 1397 1
0 113 0 568 5040 0 0 0 201954 0 113 0 132 299 0 0 0 1176 1
0 89 0 460 4251 0 0 0 202964 0 89 0 113 221 0 0 0 1010 1
0 73 0 361 3604 0 0 0 203799 0 73 0 89 188 0 0 0 835 1
0 68 0 286 3085 0 0 0 204466 0 68 0 73 148 0 0 0 667 1
0 49 0 248 2547 0 0 0 205110 0 49 0 68 106 0 0 0 644 1
0 43 0 202 2148 0 0 0 205604 0 43 0 49 95 0 0 0 494 1
0 25 0 150 1789 0 0 0 206058 0 25 0 43 95 0 0 0 454 1
0 33 0 109 1500 0 0 0 206413 0 33 0 25 66 0 0 0 355 1
0 26 0 92 1263 0 0 0 206700 0 26 0 33 50 0 0 0 287 1
0 19 0 76 1056 0 0 0 206949 0 19 0 26 42 0 0 0 249 1
0 14 0 63 848 0 0 0 207189 0 14 0 19 32 0 0 0 240 1
0 14 0 49 711 0 0 0 207354 0 14 0 14 28 0 0 0 165 1
0 6 0 48 599 0 0 0 207481 0 6 0 14 15 0 0 0 127 1
0 7 0 25 511 0 0 0 207598 0 7 0 6 29 0 0 0 117 1
0 11 0 23 422 0 0 0 207696 0 11 0 7 9 0 0 0 98 1
0 4 0 23 349 0 0 0 207780 0 4 0 11 11 0 0 0 84 1
0 7 0 17 296 0 0 0 207843 0 7 0 4 10 0 0 0 63 1
0 3 0 20 232 0 0 0 207911 0 3 0 7 4 0 0 0 68 1
0 3 0 15 197 0 0 0 207954 0 3 0 3 8 0 0 0 43 1
0 1 0 13 153 0 0 0 208003 0 1 0 3 5 0 0 0 49 1
0 3 0 9 128 0 0 0 208033 0 3 0 1 5 0 0 0 30 1
0 0 0 6 116 0 0 0 208051 0 0 0 3 6 0 0 0 18 1
0 1 0 4 96 0 0 0 208073 0 1 0 0 2 0 0 0 22 1
0 3 0 3 82 0 0 0 208089 0 3 0 1 2 0 0 0 16 1
0 0 0 5 72 0 0 0 208100 0 0 0 3 1 0 0 0 11 1
0 1 0 3 56 0 0 0 208118 0 1 0 0 2 0 0 0 18 1
0 0 0 3 48 0 0 0 208127 0 0 0 1 1 0 0 0 9 1
0 0 0 3 42 0 0 0 208133 0 0 0 0 0 0 0 0 6 1
0 0 0 1 32 0 0 0 208145 0 0 0 0 2 0 0 0 12 1
0 0 0 1 28 0 0 0 208149 0 0 0 0 0 0 0 0 4 1
0 0 0 1 21 0 0 0 208156 0 0 0 0 0 0 0 0 7 1
0 0 0 0 21 0 0 0 208157 0 0 0 0 1 0 0 0 1 1
0 1 0 0 16 0 0 0 208162 0 1 0 0 0 0 0 0 5 1
0 1 0 1 11 0 0 0 208167 0 1 0 1 0 0 0 0 5 1
0 0 0 2 9 0 0 0 208169 0 0 0 1 0 0 0 0 2 1
0 0 0 1 9 0 0 0 208170 0 0 0 0 1 0 0 0 1 1
0 0 0 1 7 0 0 0 208172 0 0 0 0 0 0 0 0 2 1
0 0 0 1 5 0 0 0 208174 0 0 0 0 0 0 0 0 2 1
0 0 0 1 3 0 0 0 208176 0 0 0 0 0 0 0 0 2 1
0 0 0 1 2 0 0 0 208177 0 0 0 0 0 0 0 0 1 1
0 0 0 1 2 0 0 0 208177 0 0 0 0 0 0 0 0 0 1
0 0 0 1 1 0 0 0 208178 0 0 0 0 0 0 0 0 1 1
0 0 0 0 1 0 0 0 208179 0 0 0 0 1 0 0 0 1 1
0 0 0 0 1 0 0 0 208179 0 0 0 0 0 0 0 0 0 1
0 0 0 0 0 0 0 0 208180 0 0 0 0 0 0 0 0 1 1
0 0 0 260 0 0 0 0 0 0 0 0 260 0 0 0 0 0 2
0 0 0 153 107 0 0 0 0 0 0 0 0 107 0 0 0 0 2
0 353 0 95 142 0 0 0 23 0 353 0 0 58 0 0 0 23 2
0 400 0 415 147 0 0 0 51 0 400 0 353 33 0 0 0 28 2
0 297 0 652 283 0 0 0 78 0 297 0 400 163 0 0 0 27 2
0 1124 0 666 505 0 0 0 139 0 1124 0 297 283 0 0 0 61 2
0 1222 0 1523 687 0 0 0 224 0 1222 0 1124 267 0 0 0 85 2
0 1060 0 2153 1144 0 0 0 359 0 1060 0 1222 592 0 0 0 135 2
0 1960 0 2403 1693 0 0 0 620 0 1960 0 1060 810 0 0 0 261 2
0 2601 0 3430 2287 0 0 0 959 0 2601 0 1960 933 0 0 0 339 2
0 3291 0 4664 3212 0 0 0 1401 0 3291 0 2601 1367 0 0 0 442 2
0 4358 0 6134 4372 0 0 0 2062 0 4358 0 3291 1821 0 0 0 661 2
0 5013 0 8065 5966 0 0 0 2895 0 5013 0 4358 2427 0 0 0 833 2
0 6670 0 9943 7910 0 0 0 4086 0 6670 0 5013 3135 0 0 0 1191 2
0 7273 0 12677 10304 0 0 0 5628 0 7273 0 6670 3936 0 0 0 1542 2
0 8591 0 15074 13134 0 0 0 7674 0 8591 0 7273 4876 0 0 0 2046 2
0 9988 0 17745 16383 0 0 0 10345 0 9988 0 8591 5920 0 0 0 2671 2
0 11041 0 20721 20187 0 0 0 13553 0 11041 0 9988 7012 0 0 0 3208 2
0 12222 0 23519 24384 0 0 0 17599 0 12222 0 11041 8243 0 0 0 4046 2
0 13053 0 26506 28699 0 0 0 22519 0 13053 0 12222 9235 0 0 0 4920 2
0 13107 0 29152 33327 0 0 0 28298 0 13107 0 13053 10407 0 0 0 5779 2
0 12912 0 30775 38182 0 0 0 34927 0 12912 0 13107 11484 0 0 0 6629 2
0 12732 0 31518 42845 0 0 0 42433 0 12732 0 12912 12169 0 0 0 7506 2
0 11959 0 31958 46642 0 0 0 50928 0 11959 0 12732 12292 0 0 0 8495 2
0 10353 0 31330 49907 0 0 0 60250 0 10353 0 11959 12587 0 0 0 9322 2
0 9382 0 29435 52211 0 0 0 70194 0 9382 0 10353 12248 0 0 0 9944 2
0 8125 0 27112 53539 0 0 0 80571 0 8125 0 9382 11705 0 0 0 10377 2
0 7032 0 24626 53449 0 0 0 91272 0 7032 0 8125 10611 0 0 0 10701 2
0 5842 0 22044 52374 0 0 0 101961 0 5842 0 7032 9614 0 0 0 10689 2
0 4720 0 19264 50486 0 0 0 112471 0 4720 0 5842 8622 0 0 0 10510 2
0 3923 0 16443 47827 0 0 0 122671 0 3923 0 4720 7541 0 0 0 10200 2
0 3221 0 13900 44735 0 0 0 132229 0 3221 0 3923 6466 0 0 0 9558 2
0 2610 0 11738 41218 0 0 0 141129 0 2610 0 3221 5383 0 0 0 8900 2
0 2088 0 9677 37630 0 0 0 149388 0 2088 0 2610 4671 0 0 0 8259 2
0 1764 0 7954 33990 0 0 0 156839 0 1764 0 2088 3811 0 0 0 7451 2
0 1449 0 6567 30338 0 0 0 163642 0 1449 0 1764 3151 0 0 0 6803 2
0 1157 0 5335 26935 0 0 0 169726 0 1157 0 1449 2681 0 0 0 6084 2
0 974 0 4380 23581 0 0 0 175192 0 974 0 1157 2112 0 0 0 5466 2
0 749 0 3572 20594 0 0 0 179961 0 749 0 974 1782 0 0 0 4769 2
0 643 0 2903 17959 0 0 0 184014 0 643 0 749 1418 0 0 0 4053 2
0 527 0 2393 15481 0 0 0 187645 0 527 0 643 1153 0 0 0 3631 2
0 435 0 2018 13262 0 0 0 190766 0 435 0 527 902 0 0 0 3121 2
0 309 0 1666 11353 0 0 0 193462 0 309 0 435 787 0 0 0 2696 2
0 291 0 1305 9788 0 0 0 195697 0 291 0 309 670 0 0 0 2235 2
0 213 0 1094 8354 0 0 0 197633 0 213 0 291 502 0 0 0 1936 2
0 187 0 856 7116 0 0 0 199322 0 187 0 213 451 0 0 0 1689 2
0 147 0 713 6044 0 0 0 200724 0 147 0 187 330 0 0 0 1402 2
0 133 0 593 5066 0 0 0 201969 0 133 0 147 267 0 0 0 1245 2
0 83 0 489 4291 0 0 0 202981 0 83 0 133 237 0 0 0 1012 2
0 82 0 380 3612 0 0 0 203852 0 82 0 83 192 0 0 0 871 2
0 81 0 313 3057 0 0 0 204556 0 81 0 82 149 0 0 0 704 2
0 56 0 264 2572 0 0 0 205171 0 56 0 81 130 0 0 0 615 2
0 44 0 215 2188 0 0 0 205660 0 44 0 56 105 0 0 0 489 2
0 36 0 169 1815 0 0 0 206123 0 36 0 44 90 0 0 0 463 2
0 29 0 137 1497 0 0 0 206509 0 29 0 36 68 0 0 0 386 2
0 15 0 108 1242 0 0 0 206822 0 15 0 29 58 0 0 0 313 2
0 10 0 82 1016 0 0 0 207089 0 10 0 15 41 0 0 0 267 2
0 6 0 65 865 0 0 0 207267 0 6 0 10 27 0 0 0 178 2
0 9 0 53 694 0 0 0 207456 0 9 0 6 18 0 0 0 189 2
0 9 0 42 581 0 0 0 207589 0 9 0 9 20 0 0 0 133 2
0 5 0 33 477 0 0 0 207711 0 5 0 9 18 0 0 0 122 2
0 9 0 25 389 0 0 0 207812 0 9 0 5 13 0 0 0 101 2
0 4 0 28 314 0 0 0 207893 0 4 0 9 6 0 0 0 81 2
0 3 0 25 254 0 0 0 207960 0 3 0 4 7 0 0 0 67 2
0 2 0 17 210 0 0 0 208015 0 2 0 3 11 0 0 0 55 2
0 3 0 9 190 0 0 0 208045 0 3 0 2 10 0 0 0 30 2
0 2 0 10 158 0 0 0 208079 0 2 0 3 2 0 0 0 34 2
0 2 0 6 138 0 0 0 208105 0 2 0 2 6 0 0 0 26 2
0 0 0 4 111 0 0 0 208136 0 0 0 2 4 0 0 0 31 2
0 0 0 2 86 0 0 0 208163 0 0 0 0 2 0 0 0 27 2
0 1 0 1 71 0 0 0 208179 0 1 0 0 1 0 0 0 16 2
0 0 0 1 58 0 0 0 208193 0 0 0 1 1 0 0 0 14 2
0 0 0 0 49 0 0 0 208203 0 0 0 0 1 0 0 0 10 2
0 0 0 0 41 0 0 0 208211 0 0 0 0 0 0 0 0 8 2
0 0 0 0 30 0 0 0 208222 0 0 0 0 0 0 0 0 11 2
0 0 0 0 24 0 0 0 208228 0 0 0 0 0 0 0 0 6 2
0 0 0 0 18 0 0 0 208234 0 0 0 0 0 0 0 0 6 2
0 0 0 0 15 0 0 0 208237 0 0 0 0 0 0 0 0 3 2
0 0 0 0 12 0 0 0 208240 0 0 0 0 0 0 0 0 3 2
0 0 0 0 11 0 0 0 208241 0 0 0 0 0 0 0 0 1 2
0 0 0 0 8 0 0 0 208244 0 0 0 0 0 0 0 0 3 2
0 0 0 0 5 0 0 0 208247 0 0 0 0 0 0 0 0 3 2
0 0 0 0 4 0 0 0 208248 0 0 0 0 0 0 0 0 1 2
0 0 0 0 3 0 0 0 208249 0 0 0 0 0 0 0 0 1 2
0 0 0 0 2 0 0 0 208250 0 0 0 0 0 0 0 0 1 2
0 0 0 0 2 0 0 0 208250 0 0 0 0 0 0 0 0 0 2
0 0 0 0 2 0 0 0 208250 0 0 0 0 0 0 0 0 0 2
0 0 0 0 1 0 0 0 208251 0 0 0 0 0 0 0 0 1 2
0 0 0 0 1 0 0 0 208251 0 0 0 0 0 0 0 0 0 2
0 0 0 0 0 0 0 0 208252 0 0 0 0 0 0 0 0 1 2
0 0 0 260 0 0 0 0 0 0 0 0 260 0 0 0 0 0 3
0 0 0 148 112 0 0 0 0 0 0 0 0 112 0 0 0 0 3
0 474 0 96 140 0 0 0 24 0 474 0 0 52 0 0 0 24 3
0 483 0 534 144 0 0 0 56 0 483 0 474 36 0 0 0 32 3
0 419 0 813 324 0 0 0 80 0 419 0 483 204 0 0 0 24 3
0 1259 0 923 566 0 0 0 147 0 1259 0 419 309 0 0 0 67 3
0 678 0 1813 824 0 0 0 258 0 678 0 1259 369 0 0 0 111 3
0 1432 0 1756 1393 0 0 0 424 0 1432 0 678 735 0 0 0 166 3
0 1985 0 2527 1774 0 0 0 704 0 1985 0 1432 661 0 0 0 280 3
0 2343 0 3501 2418 0 0 0 1071 0 2343 0 1985 1011 0 0 0 367 3
0 3395 0 4475 3273 0 0 0 1585 0 3395 0 2343 1369 0 0 0 514 3
0 4822 0 6027 4448 0 0 0 2253 0 4822 0 3395 1843 0 0 0 668 3
0 5209 0 8552 5849 0 0 0 3149 0 5209 0 4822 2297 0 0 0 896 3
0 6188 0 10449 7965 0 0 0 4345 0 6188 0 5209 3312 0 0 0 1196 3
0 7164 0 12561 10462 0 0 0 5924 0 7164 0 6188 4076 0 0 0 1579 3
0 9208 0 14800 13363 0 0 0 7948 0 9208 0 7164 4925 0 0 0 2024 3
0 10096 0 18140 16572 0 0 0 10607 0 10096 0 9208 5868 0 0 0 2659 3
0 11169 0 21000 20466 0 0 0 13949 0 11169 0 10096 7236 0 0 0 3342 3
0 12260 0 23848 24759 0 0 0 17977 0 12260 0 11169 8321 0 0 0 4028 3
0 13442 0 26531 29368 0 0 0 22945 0 13442 0 12260 9577 0 0 0 4968 3
0 13385 0 29500 33984 0 0 0 28802 0 13385 0 13442 10473 0 0 0 5857 3
0 13038 0 31239 38828 0 0 0 35604 0 13038 0 13385 11646 0 0 0 6802 3
0 12573 0 31769 43512 0 0 0 43428 0 12573 0 13038 12508 0 0 0 7824 3
0 11863 0 31864 47236 0 0 0 52182 0 11863 0 12573 12478 0 0 0 8754 3
0 10625 0 31078 50287 0 0 0 61780 0 10625 0 11863 12649 0 0 0 9598 3
0 9327 0 29327 52619 0 0 0 71824 0 9327 0 10625 12376 0 0 0 10044 3
0 7910 0 27053 53718 0 0 0 82326 0 7910 0 9327 11601 0 0 0 10502 3
0 6740 0 24345 53603 0 0 0 93059 0 6740 0 7910 10618 0 0 0 10733 3
0 5415 0 21577 52358 0 0 0 103812 0 5415 0 6740 9508 0 0 0 10753 3
0 4533 0 18510 50325 0 0 0 114327 0 4533 0 5415 8482 0 0 0 10515 3
0 3828 0 15670 47639 0 0 0 124386 0 3828 0 4533 7373 0 0 0 10059 3
0 3145 0 13304 44300 0 0 0 133919 0 3145 0 3828 6194 0 0 0 9533 3
0 2590 0 11173 40665 0 0 0 142830 0 2590 0 3145 5276 0 0 0 8911 3
0 2001 0 9385 36880 0 0 0 150993 0 2001 0 2590 4378 0 0 0 8163 3
0 1647 0 7626 33181 0 0 0 158452 0 1647 0 2001 3760 0 0 0 7459 3
0 1404 0 6227 29612 0 0 0 165067 0 1404 0 1647 3046 0 0 0 6615 3
0 1147 0 5205 26082 0 0 0 171023 0 1147 0 1404 2426 0 0 0 5956 3
0 894 0 4325 22922 0 0 0 176210 0 894 0 1147 2027 0 0 0 5187 3
0 747 0 3547 20049 0 0 0 180755 0 747 0 894 1672 0 0 0 4545 3
0 585 0 2901 17446 0 0 0 184751 0 585 0 747 1393 0 0 0 3996 3
0 462 0 2324 15151 0 0 0 188208 0 462 0 585 1162 0 0 0 3457 3
0 400 0 1893 13019 0 0 0 191233 0 400 0 462 893 0 0 0 3025 3
0 311 0 1556 11124 0 0 0 193865 0 311 0 400 737 0 0 0 2632 3
0 256 0 1246 9580 0 0 0 196030 0 256 0 311 621 0 0 0 2165 3
0 218 0 1007 8135 0 0 0 197970 0 218 0 256 495 0 0 0 1940 3
0 156 0 839 6932 0 0 0 199559 0 156 0 218 386 0 0 0 1589 3
0 131 0 677 5848 0 0 0 200961 0 131 0 156 318 0 0 0 1402 3
0 96 0 534 4909 0 0 0 202174 0 96 0 131 274 0 0 0 1213 3
0 123 0 417 4125 0 0 0 203171 0 123 0 96 213 0 0 0 997 3
0 64 0 366 3507 0 0 0 203963 0 64 0 123 174 0 0 0 792 3
0 49 0 283 2981 0 0 0 204636 0 49 0 64 147 0 0 0 673 3
0 66 0 224 2488 0 0 0 205237 0 66 0 49 108 0 0 0 601 3
0 36 0 211 2065 0 0 0 205739 0 36 0 66 79 0 0 0 502 3
0 33 0 173 1710 0 0 0 206168 0 33 0 36 74 0 0 0 429 3
0 15 0 142 1455 0 0 0 206487 0 15 0 33 64 0 0 0 319 3
0 19 0 108 1220 0 0 0 206771 0 19 0 15 49 0 0 0 284 3
0 20 0 87 999 0 0 0 207032 0 20 0 19 40 0 0 0 261 3
0 11 0 71 842 0 0 0 207225 0 11 0 20 36 0 0 0 193 3
0 17 0 61 714 0 0 0 207374 0 17 0 11 21 0 0 0 149 3
0 3 0 49 603 0 0 0 207514 0 3 0 17 29 0 0 0 140 3
0 9 0 32 483 0 0 0 207654 0 9 0 3 20 0 0 0 140 3
0 6 0 29 375 0 0 0 207774 0 6 0 9 12 0 0 0 120 3
0 5 0 25 314 0 0 0 207845 0 5 0 6 10 0 0 0 71 3
0 7 0 23 246 0 0 0 207920 0 7 0 5 7 0 0 0 75 3
0 1 0 19 201 0 0 0 207976 0 1 0 7 11 0 0 0 56 3
0 2 0 13 173 0 0 0 208011 0 2 0 1 7 0 0 0 35 3
0 3 0 13 145 0 0 0 208041 0 3 0 2 2 0 0 0 30 3
0 2 0 16 107 0 0 0 208079 0 2 0 3 0 0 0 0 38 3
0 0 0 14 84 0 0 0 208106 0 0 0 2 4 0 0 0 27 3
0 0 0 10 72 0 0 0 208122 0 0 0 0 4 0 0 0 16 3
0 1 0 7 57 0 0 0 208140 0 1 0 0 3 0 0 0 18 3
0 0 0 5 46 0 0 0 208154 0 0 0 1 3 0 0 0 14 3
0 1 0 1 44 0 0 0 208160 0 1 0 0 4 0 0 0 6 3
0 1 0 2 36 0 0 0 208168 0 1 0 1 0 0 0 0 8 3
0 0 0 2 30 0 0 0 208175 0 0 0 1 1 0 0 0 7 3
0 0 0 2 23 0 0 0 208182 0 0 0 0 0 0 0 0 7 3
0 0 0 1 19 0 0 0 208187 0 0 0 0 1 0 0 0 5 3
0 0 0 0 11 0 0 0 208196 0 0 0 0 1 0 0 0 9 3
0 1 0 0 10 0 0 0 208197 0 1 0 0 0 0 0 0 1 3
0 0 0 1 7 0 0 0 208200 0 0 0 1 0 0 0 0 3 3
0 0 0 1 7 0 0 0 208200 0 0 0 0 0 0 0 0 0 3
0 0 0 0 7 0 0 0 208201 0 0 0 0 1 0 0 0 1 3
0 0 0 0 4 0 0 0 208204 0 0 0 0 0 0 0 0 3 3
0 0 0 0 2 0 0 0 208206 0 0 0 0 0 0 0 0 2 3
0 0 0 0 2 0 0 0 208206 0 0 0 0 0 0 0 0 0 3
0 0 0 0 1 0 0 0 208207 0 0 0 0 0 0 0 0 1 3
0 0 0 0 0 0 0 0 208208 0 0 0 0 0 0 0 0 1 3
0 0 0 260 0 0 0 0 0 0 0 0 260 0 0 0 0 0 4
0 0 0 152 108 0 0 0 0 0 0 0 0 108 0 0 0 0 4
0 377 0 102 138 0 0 0 20 0 377 0 0 50 0 0 0 20 4
0 447 0 445 142 0 0 0 50 0 447 0 377 34 0 0 0 30 4
0 320 0 709 294 0 0 0 81 0 320 0 447 183 0 0 0 31 4
0 1090 0 753 508 0 0 0 143 0 1090 0 320 276 0 0 0 62 4
0 1219 0 1545 699 0 0 0 250 0 1219 0 1090 298 0 0 0 107 4
0 1412 0 2113 1222 0 0 0 378 0 1412 0 1219 651 0 0 0 128 4
0 1878 0 2700 1777 0 0 0 648 0 1878 0 1412 825 0 0 0 270 4
0 2629 0 3549 2441 0 0 0 1013 0 2629 0 1878 1029 0 0 0 365 4
0 2930 0 4784 3328 0 0 0 1520 0 2930 0 2629 1394 0 0 0 507 4
0 4139 0 5919 4472 0 0 0 2171 0 4139 0 2930 1795 0 0 0 651 4
0 4867 0 7712 5945 0 0 0 3044 0 4867 0 4139 2346 0 0 0 873 4
0 5921 0 9571 7732 0 0 0 4265 0 5921 0 4867 3008 0 0 0 1221 4
0 7140 0 11783 9864 0 0 0 5842 0 7140 0 5921 3709 0 0 0 1577 4
0 8517 0 14286 12558 0 0 0 7785 0 8517 0 7140 4637 0 0 0 1943 4
0 10007 0 17154 15646 0 0 0 10346 0 10007 0 8517 5649 0 0 0 2561 4
0 11160 0 20469 19240 0 0 0 13444 0 11160 0 10007 6692 0 0 0 3098 4
0 12077 0 23640 23439 0 0 0 17234 0 12077 0 11160 7989 0 0 0 3790 4
0 12862 0 26376 28109 0 0 0 21905 0 12862 0 12077 9341 0 0 0 4671 4
0 13265 0 28781 32975 0 0 0 27496 0 13265 0 12862 10457 0 0 0 5591 4
0 13180 0 30666 37832 0 0 0 34019 0 13180 0 13265 11380 0 0 0 6523 4
0 13016 0 31902 42107 0 0 0 41688 0 13016 0 13180 11944 0 0 0 7669 4
0 11809 0 32295 46389 0 0 0 50029 0 11809 0 13016 12623 0 0 0 8341 4
0 10848 0 31353 49746 0 0 0 59423 0 10848 0 11809 12751 0 0 0 9394 4
0 9686 0 29818 52238 0 0 0 69314 0 9686 0 10848 12383 0 0 0 9891 4
0 8113 0 27880 53283 0 0 0 79893 0 8113 0 9686 11624 0 0 0 10579 4
0 6924 0 25140 53382 0 0 0 90647 0 6924 0 8113 10853 0 0 0 10754 4
0 5836 0 22105 52568 0 0 0 101420 0 5836 0 6924 9959 0 0 0 10773 4
0 4852 0 19172 50960 0 0 0 111797 0 4852 0 5836 8769 0 0 0 10377 4
0 4007 0 16545 48113 0 0 0 122123 0 4007 0 4852 7479 0 0 0 10326 4
0 3277 0 14089 44845 0 0 0 131854 0 3277 0 4007 6463 0 0 0 9731 4
0 2510 0 11777 41497 0 0 0 140791 0 2510 0 3277 5589 0 0 0 8937 4
0 2186 0 9697 37747 0 0 0 149131 0 2186 0 2510 4590 0 0 0 8340 4
0 1733 0 8058 33933 0 0 0 156770 0 1733 0 2186 3825 0 0 0 7639 4
0 1430 0 6549 30398 0 0 0 163547 0 1430 0 1733 3242 0 0 0 6777 4
0 1174 0 5432 26769 0 0 0 169723 0 1174 0 1430 2547 0 0 0 6176 4
0 922 0 4429 23749 0 0 0 174920 0 922 0 1174 2177 0 0 0 5197 4
0 749 0 3554 20792 0 0 0 179674 0 749 0 922 1797 0 0 0 4754 4
0 635 0 2925 18107 0 0 0 183737 0 635 0 749 1378 0 0 0 4063 4
0 445 0 2424 15615 0 0 0 187365 0 445 0 635 1136 0 0 0 3628 4
0 424 0 1936 13408 0 0 0 190505 0 424 0 445 933 0 0 0 3140 4
0 344 0 1620 11410 0 0 0 193243 0 344 0 424 740 0 0 0 2738 4
0 264 0 1305 9704 0 0 0 195608 0 264 0 344 659 0 0 0 2365 4
0 227 0 1035 8271 0 0 0 197575 0 227 0 264 534 0 0 0 1967 4
0 182 0 839 7015 0 0 0 199254 0 182 0 227 423 0 0 0 1679 4
0 148 0 709 5904 0 0 0 200677 0 148 0 182 312 0 0 0 1423 4
0 117 0 575 4999 0 0 0 201864 0 117 0 148 282 0 0 0 1187 4
0 112 0 467 4221 0 0 0 202867 0 112 0 117 225 0 0 0 1003 4
0 94 0 405 3549 0 0 0 203713 0 94 0 112 174 0 0 0 846 4
0 65 0 343 2996 0 0 0 204422 0 65 0 94 156 0 0 0 709 4
0 56 0 274 2531 0 0 0 205021 0 56 0 65 134 0 0 0 599 4
0 68 0 210 2112 0 0 0 205560 0 68 0 56 120 0 0 0 539 4
0 29 0 203 1767 0 0 0 205980 0 29 0 68 75 0 0 0 420 4
0 35 0 163 1484 0 0 0 206332 0 35 0 29 69 0 0 0 352 4
0 26 0 137 1229 0 0 0 206648 0 26 0 35 61 0 0 0 316 4
0 20 0 99 1055 0 0 0 206886 0 20 0 26 64 0 0 0 238 4
0 17 0 76 906 0 0 0 207078 0 17 0 20 43 0 0 0 192 4
0 18 0 51 774 0 0 0 207252 0 18 0 17 42 0 0 0 174 4
0 10 0 46 647 0 0 0 207402 0 10 0 18 23 0 0 0 150 4
0 9 0 38 546 0 0 0 207521 0 9 0 10 18 0 0 0 119 4
0 8 0 31 435 0 0 0 207648 0 8 0 9 16 0 0 0 127 4
0 6 0 26 354 0 0 0 207742 0 6 0 8 13 0 0 0 94 4
0 9 0 23 291 0 0 0 207814 0 9 0 6 9 0 0 0 72 4
0 4 0 27 236 0 0 0 207874 0 4 0 9 5 0 0 0 60 4
0 9 0 17 205 0 0 0 207919 0 9 0 4 14 0 0 0 45 4
0 1 0 23 165 0 0 0 207962 0 1 0 9 3 0 0 0 43 4
0 1 0 13 141 0 0 0 207997 0 1 0 1 11 0 0 0 35 4
0 0 0 11 125 0 0 0 208016 0 0 0 1 3 0 0 0 19 4
0 2 0 9 105 0 0 0 208038 0 2 0 0 2 0 0 0 22 4
0 2 0 8 82 0 0 0 208064 0 2 0 2 3 0 0 0 26 4
0 0 0 8 68 0 0 0 208080 0 0 0 2 2 0 0 0 16 4
0 4 0 4 53 0 0 0 208099 0 4 0 0 4 0 0 0 19 4
0 0 0 7 42 0 0 0 208111 0 0 0 4 1 0 0 0 12 4
0 1 0 4 41 0 0 0 208115 0 1 0 0 3 0 0 0 4 4
0 0 0 4 35 0 0 0 208122 0 0 0 1 1 0 0 0 7 4
0 2 0 3 28 0 0 0 208130 0 2 0 0 1 0 0 0 8 4
0 0 0 4 22 0 0 0 208137 0 0 0 2 1 0 0 0 7 4
0 0 0 2 21 0 0 0 208140 0 0 0 0 2 0 0 0 3 4
0 0 0 1 16 0 0 0 208146 0 0 0 0 1 0 0 0 6 4
0 0 0 1 12 0 0 0 208150 0 0 0 0 0 0 0 0 4 4
0 1 0 0 7 0 0 0 208156 0 1 0 0 1 0 0 0 6 4
0 0 0 1 3 0 0 0 208160 0 0 0 1 0 0 0 0 4 4
0 0 0 1 3 0 0 0 208160 0 0 0 0 0 0 0 0 0 4
0 0 0 0 3 0 0 0 208161 0 0 0 0 1 0 0 0 1 4
0 0 0 0 3 0 0 0 208161 0 0 0 0 0 0 0 0 0 4
0 0 0 0 3 0 0 0 208161 0 0 0 0 0 0 0 0 0 4
0 0 0 0 2 0 0 0 208162 0 0 0 0 0 0 0 0 1 4
0 0 0 0 2 0 0 0 208162 0 0 0 0 0 0 0 0 0 4
0 0 0 0 1 0 0 0 208163 0 0 0 0 0 0 0 0 1 4
0 0 0 0 1 0 0 0 208163 0 0 0 0 0 0 0 0 0 4
0 0 0 0 0 0 0 0 208164 0 0 0 0 0 0 0 0 1 4
