260542 0 240 0 0 20 0 0 0 0 0 0 0 0 20 0 0 0 0 1 0 0 0.100000
260542 0 231 0 0 29 0 0 0 0 0 0 0 0 9 0 0 0 0 1 0 0 0.200000
260542 0 226 0 0 34 0 0 0 0 0 0 0 0 5 0 0 0 0 1 0 0 0.300000
260542 0 209 0 0 51 0 0 0 0 0 0 0 0 17 0 0 0 0 1 0 0 0.400000
260542 0 200 0 0 60 0 0 0 0 0 0 0 0 9 0 0 0 0 1 0 0 0.500000
260542 0 194 0 0 66 0 0 0 0 0 0 0 0 6 0 0 0 0 1 0 0 0.600000
260542 0 183 0 0 77 0 0 0 0 0 0 0 0 11 0 0 0 0 0 0 0 0.700000
260542 0 173 0 0 87 0 0 0 0 0 0 0 0 10 0 0 0 0 0 0 0 0.800000
260542 0 160 0 0 100 0 0 0 0 0 0 0 0 13 0 0 0 0 0 0 0 0.900000
260542 0 147 0 0 113 0 0 0 0 0 0 0 0 13 0 0 0 0 0 0 0 1.000000
260542 0 139 0 0 121 0 0 0 0 0 0 0 0 8 0 0 0 0 0 0 0 1.100000
260542 0 136 0 0 124 0 0 0 0 0 0 0 0 3 0 0 0 0 0 0 0 1.200000
260542 0 133 0 0 127 0 0 0 0 0 0 0 0 3 0 0 0 0 0 0 0 1.300000
260542 0 125 0 0 135 0 0 0 0 0 0 0 0 8 0 0 0 0 0 0 0 1.400000
260542 0 121 0 0 139 0 0 0 0 0 0 0 0 4 0 0 0 0 0 0 0 1.500000
260542 0 119 0 0 141 0 0 0 0 0 0 0 0 2 0 0 0 0 0 0 0 1.600000
260542 0 115 0 0 145 0 0 0 0 0 0 0 0 4 0 0 0 0 0 0 0 1.700000
260542 0 110 0 0 150 0 0 0 0 0 0 0 0 5 0 0 0 0 0 0 0 1.800000
260542 0 104 0 0 156 0 0 0 0 0 0 0 0 6 0 0 0 0 0 0 0 1.900000
260542 0 98 0 0 162 0 0 0 0 0 0 0 0 6 0 0 0 0 0 0 0 2.000000
260542 0 95 0 0 165 0 0 0 0 0 0 0 0 3 0 0 0 0 0 0 0 2.100000
260542 0 93 0 0 167 0 0 0 0 0 0 0 0 2 0 0 0 0 0 0 0 2.200000
260542 0 91 0 0 169 0 0 0 0 0 0 0 0 2 0 0 0 0 0 0 0 2.300000
260542 0 88 0 0 172 0 0 0 0 0 0 0 0 3 0 0 0 0 0 0 0 2.400000
260542 0 83 0 0 177 0 0 0 0 0 0 0 0 5 0 0 0 0 0 0 0 2.500000
260542 0 78 0 0 182 0 0 0 0 0 0 0 0 5 0 0 0 0 0 0 0 2.600000
260542 0 72 0 0 188 0 0 0 0 0 0 0 0 6 0 0 0 0 0 0 0 2.700000
260542 0 69 0 0 191 0 0 0 0 0 0 0 0 3 0 0 0 0 0 0 0 2.799999
260542 0 69 0 0 191 0 0 0 0 0 0 0 0 0 0 0 0 0 0 0 0 2.899999
260542 0 68 0 0 192 0 0 0 0 0 0 0 0 1 0 0 0 0 0 0 0 2.999999
260542 0 64 0 0 196 0 0 0 0 0 0 0 0 4 0 0 0 0 0 0 0 3.099999
260542 0 62 0 0 198 0 0 0 0 0 0 0 0 2 0 0 0 0 0 0 0 3.199999
260542 0 55 0 0 205 0 0 0 0 0 0 0 0 7 0 0 0 0 0 0 0 3.299999
260542 0 52 0 0 208 0 0 0 0 0 0 0 0 3 0 0 0 0 0 0 0 3.399999
260542 0 52 0 0 208 0 0 0 0 0 0 0 0 0 0 0 0 0 0 0 0 3.499999
260542 0 51 0 0 209 0 0 0 0 0 0 0 0 1 0 0 0 0 0 0 0 3.599999
260542 0 48 0 0 212 0 0 0 0 0 0 0 0 3 0 0 0 0 0 0 0 3.699999
260542 0 48 0 0 212 0 0 0 0 0 0 0 0 0 0 0 0 0 0 0 0 3.799999
260542 0 46 0 0 214 0 0 0 0 0 0 0 0 2 0 0 0 0 0 0 0 3.899998
260542 0 46 0 0 214 0 0 0 0 0 0 0 0 0 0 0 0 0 0 0 0 3.999998
260542 0 44 0 0 216 0 0 0 0 0 0 0 0 2 0 0 0 0 0 0 0 4.099998
260542 0 43 0 0 217 0 0 0 0 0 0 0 0 1 0 0 0 0 0 0 0 4.199998
260542 0 39 0 0 221 0 0 0 0 0 0 0 0 4 0 0 0 0 0 0 0 4.299998
260542 0 38 0 0 222 0 0 0 0 0 0 0 0 1 0 0 0 0 0 0 0 4.399998
260542 0 37 0 0 223 0 0 0 0 0 0 0 0 1 0 0 0 0 0 0 0 4.499998
260542 0 35 0 0 225 0 0 0 0 0 0 0 0 2 0 0 0 0 0 0 0 4.599998
260542 0 34 0 0 226 0 0 0 0 0 0 0 0 1 0 0 0 0 0 0 0 4.699998
260542 0 33 0 0 227 0 0 0 0 0 0 0 0 1 0 0 0 0 0 0 0 4.799998
260542 0 32 0 0 228 0 0 0 0 0 0 0 0 1 0 0 0 0 0 0 0 4.899998
260542 0 31 0 0 229 0 0 0 0 0 0 0 0 1 0 0 0 0 0 0 0 4.999998
260542 0 29 0 0 231 0 0 0 0 0 0 0 0 2 0 0 0 0 0 0 0 5.099998
260542 0 29 0 0 231 0 0 0 0 0 0 0 0 0 0 0 0 0 0 0 0 5.199997
260542 0 28 0 0 232 0 0 0 0 0 0 0 0 1 0 0 0 0 0 0 0 5.299997
260542 0 25 0 0 235 0 0 0 0 0 0 0 0 3 0 0 0 0 0 0 0 5.399997
260542 0 23 0 0 237 0 0 0 0 0 0 0 0 2 0 0 0 0 0 0 0 5.499997
260542 0 22 0 0 238 0 0 0 0 0 0 0 0 1 0 0 0 0 0 0 0 5.599997
260542 0 19 0 0 241 0 0 0 0 0 0 0 0 3 0 0 0 0 0 0 0 5.699997
260542 0 18 0 0 242 0 0 0 0 0 0 0 0 1 0 0 0 0 0 0 0 5.799997
260542 0 18 0 0 242 0 0 0 0 0 0 0 0 0 0 0 0 0 0 0 0 5.899997
260542 0 17 0 0 243 0 0 0 0 0 0 0 0 1 0 0 0 0 0 0 0 5.999997
260542 0 17 0 0 243 0 0 0 0 0 0 0 0 0 0 0 0 0 0 0 0 6.099997
260542 0 14 0 0 246 0 0 0 0 0 0 0 0 3 0 0 0 0 0 0 0 6.199996
260542 0 14 0 0 246 0 0 0 0 0 0 0 0 0 0 0 0 0 0 0 0 6.299996
260542 0 14 0 0 246 0 0 0 0 0 0 0 0 0 0 0 0 0 0 0 0 6.399996
260542 0 14 0 0 246 0 0 0 0 0 0 0 0 0 0 0 0 0 0 0 0 6.499996
260542 0 14 0 0 246 0 0 0 0 0 0 0 0 0 0 0 0 0 0 0 0 6.599996
260542 0 13 0 0 247 0 0 0 0 0 0 0 0 1 0 0 0 0 0 0 0 6.699996
260542 0 13 0 0 247 0 0 0 0 0 0 0 0 0 0 0 0 0 0 0 0 6.799996
260542 0 13 0 0 247 0 0 0 0 0 0 0 0 0 0 0 0 0 0 0 0 6.899996
260542 0 13 0 0 247 0 0 0 0 0 0 0 0 0 0 0 0 0 0 0 0 6.999996
260542 0 13 0 0 247 0 0 0 0 0 0 0 0 0 0 0 0 0 0 0 0 7.099996
260542 0 13 0 0 247 0 0 0 0 0 0 0 0 0 0 0 0 0 0 0 0 7.199996
260542 0 9 0 0 251 0 0 0 0 0 0 0 0 4 0 0 0 0 0 0 0 7.299995
260542 0 8 0 0 252 0 0 0 0 0 0 0 0 1 0 0 0 0 0 0 0 7.399995
260542 0 7 0 0 253 0 0 0 0 0 0 0 0 1 0 0 0 0 0 0 0 7.499995
260542 0 7 0 0 253 0 0 0 0 0 0 0 0 0 0 0 0 0 0 0 0 7.599995
260542 0 7 0 0 253 0 0 0 0 0 0 0 0 0 0 0 0 0 0 0 0 7.699995
260542 0 7 0 0 253 0 0 0 0 0 0 0 0 0 0 0 0 0 0 0 0 7.799995
260542 0 7 0 0 253 0 0 0 0 0 0 0 0 0 0 0 0 0 0 0 0 7.899995
260542 0 7 0 0 253 0 0 0 0 0 0 0 0 0 0 0 0 0 0 0 0 7.999995
260542 0 7 0 0 253 0 0 0 0 0 0 0 0 0 0 0 0 0 0 0 0 8.099995
260542 0 6 0 0 234 0 0 0 20 0 0 0 0 1 0 0 0 20 0 0 0 8.199995
260542 0 6 0 0 225 0 0 0 29 0 0 0 0 0 0 0 0 9 0 0 0 8.299995
260542 0 6 0 0 220 0 0 0 34 0 0 0 0 0 0 0 0 5 0 0 0 8.399996
260542 0 6 0 0 203 0 0 0 51 0 0 0 0 0 0 0 0 17 0 0 0 8.499996
260542 0 6 0 0 194 0 0 0 60 0 0 0 0 0 0 0 0 9 0 0 0 8.599997
260542 0 5 0 0 189 0 0 0 66 0 0 0 0 1 0 0 0 6 0 0 0 8.699997
260542 0 5 0 0 178 0 0 0 77 0 0 0 0 0 0 0 0 11 0 0 0 8.799997
260542 0 5 0 0 168 0 0 0 87 0 0 0 0 0 0 0 0 10 0 0 0 8.899998
260542 0 5 0 0 155 0 0 0 100 0 0 0 0 0 0 0 0 13 0 0 0 8.999998
260542 0 5 0 0 142 0 0 0 113 0 0 0 0 0 0 0 0 13 0 0 0 9.099998
260542 0 4 0 0 135 0 0 0 121 0 0 0 0 1 0 0 0 8 0 0 0 9.199999
260542 0 4 0 0 132 0 0 0 124 0 0 0 0 0 0 0 0 3 0 0 0 9.299999
260542 0 4 0 0 129 0 0 0 127 0 0 0 0 0 0 0 0 3 0 0 0 9.400000
260542 0 2 0 0 123 0 0 0 135 0 0 0 0 2 0 0 0 8 0 0 0 9.500000
260542 0 2 0 0 117 0 0 0 141 0 0 0 0 0 0 0 0 6 0 0 0 9.600000
260542 0 1 0 0 114 0 0 0 145 0 0 0 0 1 0 0 0 4 0 0 0 9.700001
260542 0 1 0 0 109 0 0 0 150 0 0 0 0 0 0 0 0 5 0 0 0 9.800001
260542 0 1 0 0 103 0 0 0 156 0 0 0 0 0 0 0 0 6 0 0 0 9.900002
260542 0 1 0 0 97 0 0 0 162 0 0 0 0 0 0 0 0 6 0 0 0 10.000002
260542 0 1 0 0 94 0 0 0 165 0 0 0 0 0 0 0 0 3 0 0 0 10.100002
260542 0 1 0 0 92 0 0 0 167 0 0 0 0 0 0 0 0 2 0 0 0 10.200003
260542 0 1 0 0 90 0 0 0 169 0 0 0 0 0 0 0 0 2 0 0 0 10.300003
260542 0 1 0 0 87 0 0 0 172 0 0 0 0 0 0 0 0 3 0 0 0 10.400003
260542 0 1 0 0 82 0 0 0 177 0 0 0 0 0 0 0 0 5 0 0 0 10.500004
260542 0 1 0 0 77 0 0 0 182 0 0 0 0 0 0 0 0 5 0 0 0 10.600004
260542 0 1 0 0 71 0 0 0 188 0 0 0 0 0 0 0 0 6 0 0 0 10.700005
260542 0 1 0 0 68 0 0 0 191 0 0 0 0 0 0 0 0 3 0 0 0 10.800005
260542 0 1 0 0 68 0 0 0 191 0 0 0 0 0 0 0 0 0 0 0 0 10.900005
260542 0 1 0 0 67 0 0 0 192 0 0 0 0 0 0 0 0 1 0 0 0 11.000006
260542 0 1 0 0 63 0 0 0 196 0 0 0 0 0 0 0 0 4 0 0 0 11.100006
260542 0 1 0 0 61 0 0 0 198 0 0 0 0 0 0 0 0 2 0 0 0 11.200006
260542 0 1 0 0 54 0 0 0 205 0 0 0 0 0 0 0 0 7 0 0 0 11.300007
260542 0 1 0 0 51 0 0 0 208 0 0 0 0 0 0 0 0 3 0 0 0 11.400007
260542 0 1 0 0 51 0 0 0 208 0 0 0 0 0 0 0 0 0 0 0 0 11.500008
260542 0 1 0 0 50 0 0 0 209 0 0 0 0 0 0 0 0 1 0 0 0 11.600008
260542 0 1 0 0 47 0 0 0 212 0 0 0 0 0 0 0 0 3 0 0 0 11.700008
260542 0 1 0 0 47 0 0 0 212 0 0 0 0 0 0 0 0 0 0 0 0 11.800009
260542 0 1 0 0 45 0 0 0 214 0 0 0 0 0 0 0 0 2 0 0 0 11.900009
260542 0 1 0 0 45 0 0 0 214 0 0 0 0 0 0 0 0 0 0 0 0 12.000010
260542 0 1 0 0 43 0 0 0 216 0 0 0 0 0 0 0 0 2 0 0 0 12.100010
260542 0 1 0 0 42 0 0 0 217 0 0 0 0 0 0 0 0 1 0 0 0 12.200010
260542 0 1 0 0 38 0 0 0 221 0 0 0 0 0 0 0 0 4 0 0 0 12.300011
260542 0 1 0 0 37 0 0 0 222 0 0 0 0 0 0 0 0 1 0 0 0 12.400011
260542 0 1 0 0 36 0 0 0 223 0 0 0 0 0 0 0 0 1 0 0 0 12.500011
260542 0 1 0 0 34 0 0 0 225 0 0 0 0 0 0 0 0 2 0 0 0 12.600012
260542 0 1 0 0 33 0 0 0 226 0 0 0 0 0 0 0 0 1 0 0 0 12.700012
260542 0 1 0 0 32 0 0 0 227 0 0 0 0 0 0 0 0 1 0 0 0 12.800013
260542 0 1 0 0 31 0 0 0 228 0 0 0 0 0 0 0 0 1 0 0 0 12.900013
260542 0 1 0 0 30 0 0 0 229 0 0 0 0 0 0 0 0 1 0 0 0 13.000013
260542 0 0 0 0 29 0 0 0 231 0 0 0 0 1 0 0 0 2 0 0 0 13.100014
260542 0 0 0 0 29 0 0 0 231 0 0 0 0 0 0 0 0 0 0 0 0 13.200014
260542 0 0 0 0 28 0 0 0 232 0 0 0 0 0 0 0 0 1 0 0 0 13.300014
260542 0 0 0 0 25 0 0 0 235 0 0 0 0 0 0 0 0 3 0 0 0 13.400015
260542 0 0 0 0 23 0 0 0 237 0 0 0 0 0 0 0 0 2 0 0 0 13.500015
260542 0 0 0 0 22 0 0 0 238 0 0 0 0 0 0 0 0 1 0 0 0 13.600016
260542 0 0 0 0 19 0 0 0 241 0 0 0 0 0 0 0 0 3 0 0 0 13.700016
260542 0 0 0 0 18 0 0 0 242 0 0 0 0 0 0 0 0 1 0 0 0 13.800016
260542 0 0 0 0 18 0 0 0 242 0 0 0 0 0 0 0 0 0 0 0 0 13.900017
260542 0 0 0 0 17 0 0 0 243 0 0 0 0 0 0 0 0 1 0 0 0 14.000017
260542 0 0 0 0 17 0 0 0 243 0 0 0 0 0 0 0 0 0 0 0 0 14.100018
260542 0 0 0 0 14 0 0 0 246 0 0 0 0 0 0 0 0 3 0 0 0 14.200018
260542 0 0 0 0 14 0 0 0 246 0 0 0 0 0 0 0 0 0 0 0 0 14.300018
260542 0 0 0 0 14 0 0 0 246 0 0 0 0 0 0 0 0 0 0 0 0 14.400019
260542 0 0 0 0 14 0 0 0 246 0 0 0 0 0 0 0 0 0 0 0 0 14.500019
260542 0 0 0 0 14 0 0 0 246 0 0 0 0 0 0 0 0 0 0 0 0 14.600019
260542 0 0 0 0 13 0 0 0 247 0 0 0 0 0 0 0 0 1 0 0 0 14.700020
260542 0 0 0 0 13 0 0 0 247 0 0 0 0 0 0 0 0 0 0 0 0 14.800020
260542 0 0 0 0 13 0 0 0 247 0 0 0 0 0 0 0 0 0 0 0 0 14.900021
260542 0 0 0 0 13 0 0 0 247 0 0 0 0 0 0 0 0 0 0 0 0 15.000021
260542 0 0 0 0 13 0 0 0 247 0 0 0 0 0 0 0 0 0 0 0 0 15.100021
260542 0 0 0 0 13 0 0 0 247 0 0 0 0 0 0 0 0 0 0 0 0 15.200022
260542 0 0 0 0 9 0 0 0 251 0 0 0 0 0 0 0 0 4 0 0 0 15.300022
260542 0 0 0 0 8 0 0 0 252 0 0 0 0 0 0 0 0 1 0 0 0 15.400023
260542 0 0 0 0 7 0 0 0 253 0 0 0 0 0 0 0 0 1 0 0 0 15.500023
260542 0 0 0 0 7 0 0 0 253 0 0 0 0 0 0 0 0 0 0 0 0 15.600023
260542 0 0 0 0 7 0 0 0 253 0 0 0 0 0 0 0 0 0 0 0 0 15.700024
260542 0 0 0 0 7 0 0 0 253 0 0 0 0 0 0 0 0 0 0 0 0 15.800024
260542 0 0 0 0 7 0 0 0 253 0 0 0 0 0 0 0 0 0 0 0 0 15.900024
260542 0 0 0 0 7 0 0 0 253 0 0 0 0 0 0 0 0 0 0 0 0 16.000025
260542 0 0 0 0 7 0 0 0 253 0 0 0 0 0 0 0 0 0 0 0 0 16.100025
260542 0 0 0 0 6 0 0 0 254 0 0 0 0 0 0 0 0 1 0 0 0 16.200026
260542 0 0 0 0 6 0 0 0 254 0 0 0 0 0 0 0 0 0 0 0 0 16.300026
260542 0 0 0 0 6 0 0 0 254 0 0 0 0 0 0 0 0 0 0 0 0 16.400026
260542 0 0 0 0 6 0 0 0 254 0 0 0 0 0 0 0 0 0 0 0 0 16.500027
260542 0 0 0 0 6 0 0 0 254 0 0 0 0 0 0 0 0 0 0 0 0 16.600027
260542 0 0 0 0 5 0 0 0 255 0 0 0 0 0 0 0 0 1 0 0 0 16.700027
260542 0 0 0 0 5 0 0 0 255 0 0 0 0 0 0 0 0 0 0 0 0 16.800028
260542 0 0 0 0 5 0 0 0 255 0 0 0 0 0 0 0 0 0 0 0 0 16.900028
260542 0 0 0 0 5 0 0 0 255 0 0 0 0 0 0 0 0 0 0 0 0 17.000029
260542 0 0 0 0 5 0 0 0 255 0 0 0 0 0 0 0 0 0 0 0 0 17.100029
260542 0 0 0 0 4 0 0 0 256 0 0 0 0 0 0 0 0 1 0 0 0 17.200029
260542 0 0 0 0 4 0 0 0 256 0 0 0 0 0 0 0 0 0 0 0 0 17.300030
260542 0 0 0 0 4 0 0 0 256 0 0 0 0 0 0 0 0 0 0 0 0 17.400030
260542 0 0 0 0 2 0 0 0 258 0 0 0 0 0 0 0 0 2 0 0 0 17.500031
260542 0 0 0 0 2 0 0 0 258 0 0 0 0 0 0 0 0 0 0 0 0 17.600031
260542 0 0 0 0 1 0 0 0 259 0 0 0 0 0 0 0 0 1 0 0 0 17.700031
260542 0 0 0 0 1 0 0 0 259 0 0 0 0 0 0 0 0 0 0 0 0 17.800032
260542 0 0 0 0 1 0 0 0 259 0 0 0 0 0 0 0 0 0 0 0 0 17.900032
260542 0 0 0 0 1 0 0 0 259 0 0 0 0 0 0 0 0 0 0 0 0 18.000032
260542 0 0 0 0 1 0 0 0 259 0 0 0 0 0 0 0 0 0 0 0 0 18.100033
260542 0 0 0 0 1 0 0 0 259 0 0 0 0 0 0 0 0 0 0 0 0 18.200033
260542 0 0 0 0 1 0 0 0 259 0 0 0 0 0 0 0 0 0 0 0 0 18.300034
260542 0 0 0 0 1 0 0 0 259 0 0 0 0 0 0 0 0 0 0 0 0 18.400034
260542 0 0 0 0 1 0 0 0 259 0 0 0 0 0 0 0 0 0 0 0 0 18.500034
260542 0 0 0 0 1 0 0 0 259 0 0 0 0 0 0 0 0 0 0 0 0 18.600035
260542 0 0 0 0 1 0 0 0 259 0 0 0 0 0 0 0 0 0 0 0 0 18.700035
260542 0 0 0 0 1 0 0 0 259 0 0 0 0 0 0 0 0 0 0 0 0 18.800035
260542 0 0 0 0 1 0 0 0 259 0 0 0 0 0 0 0 0 0 0 0 0 18.900036
260542 0 0 0 0 1 0 0 0 259 0 0 0 0 0 0 0 0 0 0 0 0 19.000036
260542 0 0 0 0 1 0 0 0 259 0 0 0 0 0 0 0 0 0 0 0 0 19.100037
260542 0 0 0 0 1 0 0 0 259 0 0 0 0 0 0 0 0 0 0 0 0 19.200037
260542 0 0 0 0 1 0 0 0 259 0 0 0 0 0 0 0 0 0 0 0 0 19.300037
260542 0 0 0 0 1 0 0 0 259 0 0 0 0 0 0 0 0 0 0 0 0 19.400038
260542 0 0 0 0 1 0 0 0 259 0 0 0 0 0 0 0 0 0 0 0 0 19.500038
260542 0 0 0 0 1 0 0 0 259 0 0 0 0 0 0 0 0 0 0 0 0 19.600039
260542 0 0 0 0 1 0 0 0 259 0 0 0 0 0 0 0 0 0 0 0 0 19.700039
260542 0 0 0 0 1 0 0 0 259 0 0 0 0 0 0 0 0 0 0 0 0 19.800039
260542 0 0 0 0 1 0 0 0 259 0 0 0 0 0 0 0 0 0 0 0 0 19.900040
260542 0 0 0 0 1 0 0 0 259 0 0 0 0 0 0 0 0 0 0 0 0 20.000040
260542 0 0 0 0 1 0 0 0 259 0 0 0 0 0 0 0 0 0 0 0 0 20.100040
260542 0 0 0 0 1 0 0 0 259 0 0 0 0 0 0 0 0 0 0 0 0 20.200041
260542 0 0 0 0 1 0 0 0 259 0 0 0 0 0 0 0 0 0 0 0 0 20.300041
260542 0 0 0 0 1 0 0 0 259 0 0 0 0 0 0 0 0 0 0 0 0 20.400042
260542 0 0 0 0 1 0 0 0 259 0 0 0 0 0 0 0 0 0 0 0 0 20.500042
260542 0 0 0 0 1 0 0 0 259 0 0 0 0 0 0 0 0 0 0 0 0 20.600042
260542 0 0 0 0 1 0 0 0 259 0 0 0 0 0 0 0 0 0 0 0 0 20.700043
260542 0 0 0 0 1 0 0 0 259 0 0 0 0 0 0 0 0 0 0 0 0 20.800043
260542 0 0 0 0 1 0 0 0 259 0 0 0 0 0 0 0 0 0 0 0 0 20.900043
260542 0 0 0 0 1 0 0 0 259 0 0 0 0 0 0 0 0 0 0 0 0 21.000044
260542 0 0 0 0 0 0 0 0 260 0 0 0 0 0 0 0 0 1 0 0 0 21.100044
